500 489
500 0 5000 6000 37.44 33.696 29.952 0 0 0 1
100000 50 100000 0 0 0 0 0 0.1 0.1 0.1
26.5 77 26.5 85 0 0 0 0.3 0.1 0.1 1
22 35 13 50 0 0 0 0.9216 0.9216 0.9216 2
13 25 22 25 0 0 0 0.4176 0.4176 0.4176 2
5 -218.806 6 -208.501 0 0 0 0.840188 0.394383 -11 1
5 -218.156 6 -185.173 0 0 0 0.79844 0.911647 -10 1
5 -204.734 6 -176.543 0 0 0 0.335223 0.76823 -9 1
5 -204.921 6 -156.257 0 0 0 0.55397 0.477397 -8 1
5 -213.694 6 -133.561 0 0 0 0.364784 0.513401 -7 1
5 -216.062 6 -102.89 0 0 0 0.916195 0.635712 -6 1
5 -219.629 6 -88.1653 0 0 0 0.141603 0.606969 -5 1
5 -215.137 6 -66.4009 0 0 0 0.242887 0.137232 -4 1
5 -206.831 6 -53.0967 0 0 0 0.156679 0.400944 -3 1
5 -207.891 6 -23.4567 0 0 0 0.864 0.864 0.864 3
5 -217.019 6 -14.7955 0 0 0 0.512932 0.839112 -1 1
5 -214.332 6 3.93043 0 0 0 0.864 0.864 0.864 2
5 -211.219 6 25.9608 0 0 0 0.493583 0.972775 1 1
5 -213.183 6 54.6256 0 0 0 0.864 0.864 0.864 2
5 -218.134 6 71.8341 0 0 0 0.864 0.864 0.864 2
5 -206.487 6 85.2423 0 0 0 0.352458 0.807725 4 1
5 -212.592 6 109.929 0 0 0 0.864 0.864 0.864 3
5 -205.414 6 124.898 0 0 0 0.0860558 0.192214 6 1
5 -213.858 6 152.537 0 0 0 0.890233 0.348893 7 1
5 -204.932 6 165.432 0 0 0 0.864 0.864 0.864 2
5 -211.401 6 180.973 0 0 0 0.23828 0.970634 9 1
5 -219.247 6 200.017 0 0 0 0.85092 0.266666 10 1
5 -189.753 6 -203.831 0 0 0 0.375207 0.760249 -11 1
5 -188.529 6 -197.914 0 0 0 0.667724 0.531606 -10 1
5 -193.342 6 -170.018 0 0 0 0.437638 0.931835 -9 1
5 -184.108 6 -154.872 0 0 0 0.720952 0.284293 -8 1
5 -194.998 6 -129.188 0 0 0 0.639979 0.354049 -7 1
5 -188.066 6 -107.051 0 0 0 0.864 0.864 0.864 2
5 -189.668 6 -85.82 0 0 0 0.829201 0.330337 -5 1
5 -195.894 6 -68.095 0 0 0 0.864 0.864 0.864 2
5 -194.414 6 -55.0064 0 0 0 0.956468 0.58864 -3 1
5 -196.93 6 -31.5592 0 0 0 0.864 0.864 0.864 2
5 -193.627 6 -4.18458 0 0 0 0.398437 0.814767 -1 1
5 -193.421 6 5.71795 0 0 0 0.910972 0.482491 0 1
5 -195.807 6 21.851 0 0 0 0.950252 0.920128 1 1
5 -186.617 6 44.0516 0 0 0 0.881062 0.641081 2 1
5 -195.302 6 72.3601 0 0 0 0.864 0.864 0.864 3
5 -191.399 6 86.9005 0 0 0 0.307458 0.447034 4 1
5 -196.509 6 111.111 0 0 0 0.187533 0.276235 5 1
5 -191.384 6 131.119 0 0 0 0.864 0.864 0.864 3
5 -191.772 6 147.83 0 0 0 0.103171 0.126075 7 1
5 -190.075 6 174.073 0 0 0 0.760475 0.984752 8 1
5 -191.241 6 197.619 0 0 0 0.684445 0.383188 9 1
5 -195.159 6 215.342 0 0 0 0.368664 0.29416 10 1
5 -164.785 6 -205.705 0 0 0 0.584489 0.244413 -11 1
5 -179.136 6 -196.966 0 0 0 0.732149 0.125475 -10 1
5 -164.74 6 -172.495 0 0 0 0.864 0.864 0.864 3
5 -179.289 6 -150.043 0 0 0 0.864 0.864 0.864 2
5 -168.4 6 -135.492 0 0 0 0.176211 0.240062 -7 1
5 -179.977 6 -102.542 0 0 0 0.732654 0.656564 -6 1
5 -164.883 6 -94.214 0 0 0 0.639458 0.759735 -5 1
5 -168.476 6 -76.4694 0 0 0 0.134902 0.52021 -4 1
5 -175.067 6 -57.9391 0 0 0 0.0699064 0.204655 -3 1
5 -170.028 6 -38.0396 0 0 0 0.819677 0.573319 -2 1
5 -178.155 6 -8.4313 0 0 0 0.0519388 0.157807 -1 1
5 -171.76 6 17.7241 0 0 0 0.204329 0.889956 0 1
5 -178.674 6 25.6525 0 0 0 0.997799 0.0540576 1 1
5 -168.874 6 51.5377 0 0 0 0.0723288 0.00416161 2 1
5 -178.13 6 72.7642 0 0 0 0.864 0.864 0.864 2
5 -177.184 6 88.4129 0 0 0 0.39169 0.913027 4 1
5 -179.16 6 107.323 0 0 0 0.864 0.864 0.864 2
5 -171.304 6 134.248 0 0 0 0.452576 0.687387 6 1
5 -168.277 6 149.23 0 0 0 0.530808 0.757294 7 1
5 -166.845 6 162.094 0 0 0 0.992228 0.576971 8 1
5 -165.809 6 186.209 0 0 0 0.747809 0.62891 9 1
5 -170.006 6 202.163 0 0 0 0.747803 0.833239 10 1
5 -148.853 6 -217.347 0 0 0 0.864 0.864 0.864 3
5 -151.086 6 -198.701 0 0 0 0.743811 0.903366 -10 1
5 -147.41 6 -171.681 0 0 0 0.864 0.864 0.864 2
5 -150.368 6 -143.579 0 0 0 0.830012 0.888949 -8 1
5 -152.427 6 -131.741 0 0 0 0.649707 0.248044 -7 1
5 -153.98 6 -108.302 0 0 0 0.229137 0.70062 -6 1
5 -145.41 6 -86.2936 0 0 0 0.328777 0.231428 -5 1
5 -158.701 6 -77.9201 0 0 0 0.633072 0.223656 -4 1
5 -151.536 6 -44.8201 0 0 0 0.510686 0.971466 -3 1
5 -148.336 6 -29.2619 0 0 0 0.546107 0.719269 -2 1
5 -145.826 6 -11.6079 0 0 0 0.471483 0.59254 -1 1
5 -152.153 6 13.8891 0 0 0 0.450918 0.336351 0 1
5 -144.826 6 35.1942 0 0 0 0.434513 0.00323146 1 1
5 -152.25 6 43.1651 0 0 0 0.598481 0.833243 2 1
5 -150.975 6 63.8095 0 0 0 0.675476 0.48295 3 1
5 -157.153 6 84.1094 0 0 0 0.304956 0.712087 4 1
5 -156.659 6 104.094 0 0 0 0.621823 0.0408643 5 1
5 -145.056 6 134.228 0 0 0 0.695984 0.673936 6 1
5 -157.149 6 149.924 0 0 0 0.347116 0.184622 7 1
5 -151.795 6 160.887 0 0 0 0.627158 0.730729 8 1
5 -155.223 6 197.985 0 0 0 0.740438 0.202213 9 1
5 -156.551 6 208.209 0 0 0 0.684757 0.65313 10 1
5 -126.878 6 -214.574 0 0 0 0.864 0.864 0.864 2
5 -130.731 6 -197.512 0 0 0 0.864 0.864 0.864 2
5 -135.653 6 -176.718 0 0 0 0.864 0.864 0.864 2
5 -125.881 6 -146.378 0 0 0 0.593211 0.666557 -8 1
5 -127.944 6 -124.076 0 0 0 0.775767 0.288379 -7 1
5 -138.561 6 -118.069 0 0 0 0.864 0.864 0.864 3
5 -127.047 6 -82.7666 0 0 0 0.827391 0.331479 -5 1
5 -134.896 6 -66.5038 0 0 0 0.436497 0.958637 -4 1
5 -138.958 6 -57.5894 0 0 0 0.764871 0.699075 -3 1
5 -132.564 6 -39.9729 0 0 0 0.864 0.864 0.864 2
5 -127.148 6 -4.86943 0 0 0 0.864 0.864 0.864 3
5 -125.264 6 9.24604 0 0 0 0.864 0.864 0.864 2
5 -132.524 6 32.9926 0 0 0 0.297288 0.904932 1 1
5 -129.122 6 52.0688 0 0 0 0.873979 0.498144 2 1
5 -130.879 6 71.744 0 0 0 0.162757 0.273911 3 1
5 -132.162 6 84.737 0 0 0 0.492399 0.463662 4 1
5 -138.062 6 115.231 0 0 0 0.495977 0.291053 5 1
5 -137.909 6 135.52 0 0 0 0.684178 0.72755 6 1
5 -129.749 6 155.383 0 0 0 0.603109 0.492422 7 1
5 -135.954 6 170.001 0 0 0 0.724252 0.178208 8 1
5 -133.686 6 190.967 0 0 0 0.864 0.864 0.864 2
5 -135.873 6 209.653 0 0 0 0.360443 0.324807 10 1
5 -111.853 6 -218.734 0 0 0 0.864 0.864 0.864 2
5 -110.178 6 -196.405 0 0 0 0.864 0.864 0.864 2
5 -108.109 6 -173.079 0 0 0 0.864 0.864 0.864 2
5 -104.015 6 -150.909 0 0 0 0.864 0.864 0.864 2
5 -117.458 6 -131.362 0 0 0 0.107848 0.647207 -7 1
5 -108.357 6 -116.137 0 0 0 0.28827 0.331386 -6 1
5 -105.166 6 -92.2217 0 0 0 0.427328 0.934495 -5 1
5 -112.223 6 -65.8189 0 0 0 0.265461 0.658747 -4 1
5 -110.091 6 -48.6574 0 0 0 0.487427 0.157272 -3 1
5 -119.826 6 -23.334 0 0 0 0.864 0.864 0.864 2
5 -106.066 6 -6.85251 0 0 0 0.557561 0.426199 -1 1
5 -107.271 6 6.44466 0 0 0 0.394388 0.244327 0 1
5 -109.241 6 27.2389 0 0 0 0.72936 0.638654 1 1
5 -104.133 6 52.9097 0 0 0 0.338243 0.89756 2 1
5 -112.149 6 67.5872 0 0 0 0.864 0.864 0.864 2
5 -111.777 6 86.5446 0 0 0 0.774386 0.293678 4 1
5 -114.372 6 115.956 0 0 0 0.864 0.864 0.864 2
5 -119.706 6 130.209 0 0 0 0.864 0.864 0.864 2
5 -107.721 6 157.069 0 0 0 0.210883 0.473894 7 1
5 -116.683 6 162.604 0 0 0 0.0939195 0.0995593 8 1
5 -112.629 6 188.202 0 0 0 0.301763 0.65712 9 1
5 -114.227 6 208.946 0 0 0 0.131702 0.0515083 10 1
5 -93.5412 6 -209.464 0 0 0 0.457716 0.780868 -11 1
5 -99.1685 6 -199.955 0 0 0 0.44256 0.119111 -10 1
5 -94.1798 6 -166.371 0 0 0 0.864 0.864 0.864 3
5 -92.1927 6 -156.299 0 0 0 0.361917 0.304285 -8 1
5 -95.7169 6 -135.393 0 0 0 0.476585 0.16982 -7 1
5 -93.1861 6 -111.89 0 0 0 0.525747 0.618925 -6 1
5 -95.9148 6 -96.4922 0 0 0 0.864 0.864 0.864 2
5 -89.936 6 -79.7122 0 0 0 0.864 0.864 0.864 3
5 -85.8524 6 -48.6108 0 0 0 0.864 0.864 0.864 2
5 -87.8618 6 -32.6567 0 0 0 0.290829 0.357193 -2 1
5 -93.3249 6 -8.48775 0 0 0 0.344251 0.814909 -1 1
5 -95.2151 6 9.46482 0 0 0 0.864 0.864 0.864 2
5 -97.8013 6 24.0384 0 0 0 0.625964 0.836104 1 1
5 -88.4325 6 51.4885 0 0 0 0.221009 0.198021 2 1
5 -92.8344 6 65.9692 0 0 0 0.109733 0.674605 3 1
5 -99.0617 6 80.7767 0 0 0 0.719462 0.200352 4 1
5 -93.7066 6 105.249 0 0 0 0.315658 0.434009 5 1
5 -95.5088 6 123.244 0 0 0 0.385748 0.532846 6 1
5 -92.3952 6 148.755 0 0 0 0.555398 0.0145793 7 1
5 -89.0386 6 177.956 0 0 0 0.382167 0.305408 8 1
5 -97.3028 6 196.458 0 0 0 0.864 0.864 0.864 2
5 -84.4801 6 206.879 0 0 0 0.919591 0.685986 10 1
5 -76.0385 6 -212.835 0 0 0 0.697848 0.31195 -11 1
5 -64.4962 6 -182.681 0 0 0 0.00600477 0.53296 -10 1
5 -68.3666 6 -175.939 0 0 0 0.618447 0.642693 -9 1
5 -67.0261 6 -148.192 0 0 0 0.400709 0.362154 -8 1
5 -66.623 6 -132.513 0 0 0 0.801897 0.677812 -7 1
5 -70.2551 6 -115.036 0 0 0 0.0328927 0.0635606 -6 1
5 -74.1036 6 -94.0454 0 0 0 0.864 0.864 0.864 3
5 -75.2102 6 -69.1802 0 0 0 0.567831 0.00112548 -4 1
5 -69.6147 6 -48.3296 0 0 0 0.305239 0.26157 -3 1
5 -72.1674 6 -37.3544 0 0 0 0.857555 0.181161 -2 1
5 -77.1577 6 -5.40568 0 0 0 0.667341 0.879009 -1 1
5 -70.7297 6 0.22523 0 0 0 0.31323 0.885014 0 1
5 -73.1733 6 33.5768 0 0 0 0.864 0.864 0.864 2
5 -67.6098 6 40.631 0 0 0 0.675654 0.90417 2 1
5 -79.2123 6 72.3179 0 0 0 0.394521 0.706067 3 1
5 -70.6738 6 85.2984 0 0 0 0.547397 0.738959 4 1
5 -73.9618 6 117.728 0 0 0 0.233119 0.926576 5 1
5 -74.1097 6 130.006 0 0 0 0.864 0.864 0.864 2
5 -68.2202 6 140.218 0 0 0 0.939129 0.799646 7 1
5 -74.5152 6 160.105 0 0 0 0.594497 0.657201 8 1
5 -72.1903 6 196.584 0 0 0 0.864 0.864 0.864 2
5 -75.2357 6 212.011 0 0 0 0.589157 0.637771 10 1
5 -54.579 6 -214.986 0 0 0 0.775421 0.79491 -11 1
5 -59.0396 6 -189.987 0 0 0 0.604379 0.470564 -10 1
5 -59.1051 6 -178.077 0 0 0 0.79549 0.865085 -9 1
5 -59.7109 6 -149.303 0 0 0 0.664414 0.412483 -8 1
5 -54.5407 6 -126.515 0 0 0 0.596899 0.645602 -7 1
5 -59.9431 6 -112.555 0 0 0 0.148342 0.579022 -6 1
5 -50.3897 6 -90.9444 0 0 0 0.70091 0.518151 -5 1
5 -46.6003 6 -70.2336 0 0 0 0.515049 0.112648 -4 1
5 -44.5693 6 -52.9609 0 0 0 0.510349 0.0484997 -3 1
5 -53.9242 6 -25.9281 0 0 0 0.384658 0.637656 -2 1
5 -59.334 6 -4.84508 0 0 0 0.143982 0.413078 -1 1
5 -58.6039 6 11.1096 0 0 0 0.406767 0.0174566 0 1
5 -53.4228 6 26.475 0 0 0 0.573721 0.812947 1 1
5 -46.3224 6 43.2075 0 0 0 0.864 0.864 0.864 3
5 -44.6598 6 74.9989 0 0 0 0.864 0.864 0.864 2
5 -46.5225 6 97.3979 0 0 0 0.59728 0.222602 4 1
5 -47.215 6 116.189 0 0 0 0.630243 0.923513 5 1
5 -51.7881 6 135.397 0 0 0 0.462852 0.438562 6 1
5 -48.352 6 152.155 0 0 0 0.864 0.864 0.864 2
5 -45.6971 6 177.045 0 0 0 0.864 0.864 0.864 2
5 -56.2119 6 182.373 0 0 0 0.864 0.864 0.864 3
5 -54.8702 6 210.183 0 0 0 0.466169 0.884318 10 1
5 -26.5864 6 -214.274 0 0 0 0.183765 0.458039 -11 1
5 -24.5695 6 -194.679 0 0 0 0.766448 0.904782 -10 1
5 -27.3887 6 -174.493 0 0 0 0.864 0.864 0.864 2
5 -33.87 6 -149.926 0 0 0 0.402379 0.560785 -8 1
5 -29.9313 6 -130.026 0 0 0 0.622167 0.191028 -7 1
5 -26.4188 6 -106.591 0 0 0 0.360105 0.65388 -6 1
5 -39.4249 6 -87.9039 0 0 0 0.210692 0.606542 -5 1
5 -29.9463 6 -66.4724 0 0 0 0.109778 0.373556 -4 1
5 -33.9366 6 -50.428 0 0 0 0.64652 0.592692 -3 1
5 -31.0507 6 -28.7472 0 0 0 0.864 0.864 0.864 3
5 -26.0723 6 -19.4549 0 0 0 0.563617 0.242626 -1 1
5 -28.2594 6 11.1996 0 0 0 0.343841 0.00907344 0 1
5 -35.7835 6 28.3596 0 0 0 0.601427 0.770686 1 1
5 -36.2011 6 48.5876 0 0 0 0.933273 0.173065 2 1
5 -31.8066 6 72.4163 0 0 0 0.864 0.864 0.864 3
5 -29.192 6 90.6811 0 0 0 0.965682 0.155336 4 1
5 -39.42 6 106.619 0 0 0 0.882204 0.366028 5 1
5 -25.1882 6 122.982 0 0 0 0.864 0.864 0.864 2
5 -27.6553 6 153.93 0 0 0 0.94664 0.122326 7 1
5 -27.8365 6 174.073 0 0 0 0.864 0.864 0.864 3
5 -38.1091 6 183.36 0 0 0 0.184066 0.282284 9 1
5 -33.8116 6 201.853 0 0 0 0.864 0.864 0.864 3
5 -14.3506 6 -210.446 0 0 0 0.126669 0.227552 -11 1
5 -12.4872 6 -190.575 0 0 0 0.0138663 0.160824 -10 1
5 -16.3109 6 -168.645 0 0 0 0.461848 0.648545 -9 1
5 -13.6238 6 -154.075 0 0 0 0.100857 0.614227 -8 1
5 -8.52523 6 -124.639 0 0 0 0.393746 0.496431 -7 1
5 -4.83739 6 -104.976 0 0 0 0.293177 0.244069 -6 1
5 -4.50264 6 -92.328 0 0 0 0.566164 0.190709 -5 1
5 -5.63598 6 -76.0339 0 0 0 0.431844 0.813904 -4 1
5 -17.9357 6 -42.9952 0 0 0 0.356383 0.99797 -3 1
5 -6.01125 6 -30.4567 0 0 0 0.864 0.864 0.864 2
5 -13.944 6 -19.1484 0 0 0 0.699787 0.327616 -1 1
5 -18.6425 6 14.6969 0 0 0 0.646712 0.341482 0 1
5 -9.4867 6 32.6311 0 0 0 0.766701 0.80333 1 1
5 -15.5804 6 52.1805 0 0 0 0.681922 0.904187 2 1
5 -4.3719 6 76.2996 0 0 0 0.752479 0.297933 3 1
5 -4.59398 6 90.3049 0 0 0 0.864 0.864 0.864 2
5 -8.97911 6 105.511 0 0 0 0.101454 0.157275 5 1
5 -16.5867 6 133.892 0 0 0 0.864 0.864 0.864 2
5 -14.202 6 150.229 0 0 0 0.864 0.864 0.864 3
5 -12.2681 6 171.008 0 0 0 0.92522 0.46905 8 1
5 -16.2284 6 183.006 0 0 0 0.864 0.864 0.864 2
5 -8.65721 6 214.208 0 0 0 0.864 0.864 0.864 3
5 11.7602 6 -209.827 0 0 0 0.864 0.864 0.864 2
5 3.52521 6 -197.399 0 0 0 0.225236 0.264172 -10 1
5 9.50113 6 -168.883 0 0 0 0.538175 0.0166506 -9 1
5 0.474916 6 -145.026 0 0 0 0.864 0.864 0.864 2
5 4.17794 6 -133.519 0 0 0 0.400985 0.307168 -7 1
5 2.39482 6 -119.76 0 0 0 0.645134 0.443339 -6 1
5 13.4687 6 -92.2222 0 0 0 0.703186 0.332892 -5 1
5 0.717788 6 -64.7032 0 0 0 0.864 0.864 0.864 3
5 9.97001 6 -51.8845 0 0 0 0.864 0.864 0.864 2
5 4.93714 6 -32.5389 0 0 0 0.600763 0.321478 -2 1
5 12.1723 6 -3.61446 0 0 0 0.52683 0.848 -1 1
5 7.20474 6 12.0277 0 0 0 0.256228 0.0732357 0 1
5 14.1972 6 34.8083 0 0 0 0.889813 0.611411 1 1
5 4.33192 6 46.5316 0 0 0 0.864 0.864 0.864 3
5 6.36532 6 70.0332 0 0 0 0.864 0.864 0.864 3
5 6.29071 6 94.8528 0 0 0 0.0238632 0.0050762 4 1
5 9.20882 6 105.726 0 0 0 0.864 0.864 0.864 2
5 6.213 6 135.523 0 0 0 0.50741 0.467471 6 1
5 7.99931 6 153.038 0 0 0 0.864 0.864 0.864 3
5 0.348496 6 161.724 0 0 0 0.0433947 0.084411 8 1
5 5.58574 6 186.495 0 0 0 0.864 0.864 0.864 3
5 14.5046 6 201.448 0 0 0 0.961565 0.867469 10 1
5 22.029 6 -218.533 0 0 0 0.475947 0.757282 -11 1
5 27.8038 6 -189.864 0 0 0 0.00698012 0.578613 -10 1
5 33.7559 6 -164.688 0 0 0 0.743727 0.922572 -9 1
5 30.3771 6 -150.963 0 0 0 0.787642 0.946435 -8 1
5 20.5087 6 -128.949 0 0 0 0.274897 0.239321 -7 1
5 30.4262 6 -106.222 0 0 0 0.0950428 0.74673 -6 1
5 26.3434 6 -84.5377 0 0 0 0.173301 0.937714 -5 1
5 24.5719 6 -69.9522 0 0 0 0.0966814 0.981109 -4 1
5 31.827 6 -51.2676 0 0 0 0.34154 0.692463 -3 1
5 20.4882 6 -31.0119 0 0 0 0.434398 0.654029 -2 1
5 21.8187 6 -2.56931 0 0 0 0.600492 0.129976 -1 1
5 26.3152 6 9.62203 0 0 0 0.377997 0.136956 0 1
5 24.9361 6 21.9783 0 0 0 0.114459 0.880683 1 1
5 20.2909 6 42.8578 0 0 0 0.210863 0.668326 2 1
5 29.964 6 65.6955 0 0 0 0.312343 0.943222 3 1
5 28.993 6 93.7411 0 0 0 0.122086 0.0382648 4 1
5 34.5434 6 106.627 0 0 0 0.3993 0.211565 5 1
5 20.2918 6 129.661 0 0 0 0.160162 0.308247 6 1
5 33.6025 6 156.912 0 0 0 0.00543489 0.649787 7 1
5 29.0109 6 162.435 0 0 0 0.461949 0.0841846 8 1
5 33.2054 6 190.494 0 0 0 0.785932 0.684677 9 1
5 30.193 6 201.24 0 0 0 0.867197 0.0626739 10 1
5 54.0662 6 -208.161 0 0 0 0.527075 0.177133 -11 1
5 40.3452 6 -192.993 0 0 0 0.109525 0.387996 -10 1
5 42.0812 6 -171.556 0 0 0 0.638409 0.70034 -9 1
5 48.806 6 -151.908 0 0 0 0.406615 0.822426 -8 1
5 45.8064 6 -137.548 0 0 0 0.921551 0.221726 -7 1
5 47.6418 6 -117.626 0 0 0 0.374201 0.381888 -6 1
5 44.3522 6 -92.2677 0 0 0 0.864 0.864 0.864 3
5 42.661 6 -72.0102 0 0 0 0.934181 0.849272 -4 1
5 52.9818 6 -56.8946 0 0 0 0.714432 0.635204 -3 1
5 51.4312 6 -35.3107 0 0 0 0.624658 0.502401 -2 1
5 53.69 6 -10.1397 0 0 0 0.671841 0.0294762 -1 1
5 40.6767 6 8.74078 0 0 0 0.599707 0.139001 0 1
5 54.8749 6 22.1035 0 0 0 0.195898 0.77741 1 1
5 50.5433 6 52.2817 0 0 0 0.735311 0.184025 2 1
5 53.5089 6 69.7849 0 0 0 0.31299 0.105576 3 1
5 51.0466 6 92.2435 0 0 0 0.864 0.864 0.864 2
5 51.7226 6 107.343 0 0 0 0.199724 0.287736 5 1
5 50.6627 6 133.878 0 0 0 0.947001 0.221918 6 1
5 43.8789 6 156.168 0 0 0 0.778463 0.936349 7 1
5 42.7804 6 164.727 0 0 0 0.864 0.864 0.864 3
5 48.5088 6 196.5 0 0 0 0.873414 0.232848 9 1
5 49.4823 6 212.35 0 0 0 0.864 0.864 0.864 2
5 65.1075 6 -211.472 0 0 0 0.864 0.864 0.864 2
5 60.011 6 -184.081 0 0 0 0.617582 0.763764 -10 1
5 63.5563 6 -172.55 0 0 0 0.284289 0.0767534 -9 1
5 72.0546 6 -144.652 0 0 0 0.172722 0.178987 -8 1
5 63.7804 6 -129.24 0 0 0 0.443043 0.37871 -7 1
5 66.1336 6 -107.271 0 0 0 0.100686 0.325711 -6 1
5 68.4688 6 -91.5114 0 0 0 0.6076 0.104174 -5 1
5 70.9901 6 -63.7403 0 0 0 0.749719 0.398775 -4 1
5 62.7026 6 -48.4873 0 0 0 0.394239 0.272189 -3 1
5 64.1508 6 -39.3632 0 0 0 0.0682348 0.901549 -2 1
5 72.1792 6 -5.55098 0 0 0 0.881232 0.67485 -1 1
5 69.1525 6 0.856114 0 0 0 0.471639 0.292432 0 1
5 74.7608 6 25.9874 0 0 0 0.246071 0.576721 1 1
5 71.8175 6 44.1509 0 0 0 0.12608 0.749443 2 1
5 67.5414 6 76.1435 0 0 0 0.485866 0.192486 3 1
5 64.9693 6 84.6986 0 0 0 0.133388 0.293171 4 1
5 74 6 109.195 0 0 0 0.00282779 0.900772 5 1
5 64.5656 6 121.264 0 0 0 0.864 0.864 0.864 3
5 70.2622 6 142.684 0 0 0 0.175413 0.0447295 7 1
5 75.774 6 177.506 0 0 0 0.775058 0.112964 8 1
5 75.826 6 186.386 0 0 0 0.207257 0.994196 9 1
5 67.7583 6 212.971 0 0 0 0.864 0.864 0.864 2
5 87.0659 6 -202.728 0 0 0 0.864 0.864 0.864 3
5 90.9879 6 -197.901 0 0 0 0.193493 0.837986 -10 1
5 88.0971 6 -162.345 0 0 0 0.673648 0.323852 -9 1
5 93.5844 6 -152.602 0 0 0 0.864 0.864 0.864 3
5 87.313 6 -138.718 0 0 0 0.717092 0.460067 -7 1
5 83.1791 6 -116.03 0 0 0 0.00584319 0.268684 -6 1
5 87.2038 6 -83.3919 0 0 0 0.69337 0.444097 -5 1
5 85.6635 6 -79.0102 0 0 0 0.864 0.864 0.864 3
5 88.3784 6 -43.0385 0 0 0 0.514352 0.426412 -3 1
5 83.228 6 -29.4043 0 0 0 0.0504663 0.0943199 -2 1
5 85.0672 6 -15.0352 0 0 0 0.879013 0.986644 -1 1
5 87.6003 6 0.558254 0 0 0 0.28428 0.180136 0 1
5 89.6947 6 34.5097 0 0 0 0.864 0.864 0.864 2
5 93.7709 6 52.8008 0 0 0 0.864 0.864 0.864 2
5 81.5632 6 69.458 0 0 0 0.426555 0.10339 3 1
5 89.8109 6 87.6225 0 0 0 0.967694 0.109233 4 1
5 83.666 6 110.07 0 0 0 0.159324 0.802604 5 1
5 80.4675 6 135.441 0 0 0 0.395684 0.45569 6 1
5 83.9426 6 151.259 0 0 0 0.745008 0.970042 7 1
5 95.882 6 168.648 0 0 0 0.864 0.864 0.864 2
5 93.9471 6 193.036 0 0 0 0.897883 0.899521 9 1
5 83.857 6 205.535 0 0 0 0.864 0.864 0.864 2
5 105.762 6 -207.534 0 0 0 0.778391 0.622791 -11 1
5 105.317 6 -193.606 0 0 0 0.864 0.864 0.864 2
5 107.683 6 -172.484 0 0 0 0.601827 0.835533 -9 1
5 115.056 6 -157.343 0 0 0 0.864 0.864 0.864 2
5 113.46 6 -137.055 0 0 0 0.071322 0.962551 -7 1
5 100.865 6 -118.279 0 0 0 0.384509 0.358235 -6 1
5 108.866 6 -82.0092 0 0 0 0.916851 0.103244 -5 1
5 104.746 6 -63.9231 0 0 0 0.875604 0.191772 -4 1
5 103.243 6 -51.7715 0 0 0 0.864 0.864 0.864 3
5 105.057 6 -36.8771 0 0 0 0.968395 0.508799 -2 1
5 107.913 6 -11.0166 0 0 0 0.188248 0.287189 -1 1
5 102.426 6 9.58605 0 0 0 0.261886 0.748678 0 1
5 101.421 6 37.0282 0 0 0 0.721822 0.350505 1 1
5 107.769 6 49.1482 0 0 0 0.285149 0.552738 2 1
5 108.774 6 74.3748 0 0 0 0.957709 0.62406 3 1
5 111.419 6 81.7952 0 0 0 0.432873 0.00856861 4 1
5 115.245 6 100.134 0 0 0 0.363727 0.92542 5 1
5 109.433 6 133.21 0 0 0 0.264624 0.801024 6 1
5 111.013 6 156.176 0 0 0 0.864 0.864 0.864 3
5 106.358 6 164.411 0 0 0 0.864 0.864 0.864 2
5 114.713 6 180.238 0 0 0 0.864 0.864 0.864 2
5 112.827 6 204.556 0 0 0 0.639199 0.14823 10 1
5 130.422 6 -204.009 0 0 0 0.675694 0.870053 -11 1
5 132.577 6 -194.906 0 0 0 0.547723 0.155202 -10 1
5 132.286 6 -177.184 0 0 0 0.222978 0.112911 -9 1
5 126.643 6 -146.001 0 0 0 0.860784 0.545784 -8 1
5 122.467 6 -122.276 0 0 0 0.856826 0.909512 -7 1
5 128.786 6 -117.801 0 0 0 0.956111 0.174136 -6 1
5 120.749 6 -92.1006 0 0 0 0.247168 0.360164 -5 1
5 129.688 6 -67.3764 0 0 0 0.62788 0.367118 -4 1
5 128.865 6 -46.5935 0 0 0 0.517391 0.378799 -3 1
5 125.469 6 -28.541 0 0 0 0.864 0.864 0.864 2
5 121.167 6 -19.6318 0 0 0 0.61947 0.693692 -1 1
5 125.155 6 2.37283 0 0 0 0.864 0.864 0.864 3
5 128.132 6 22.1036 0 0 0 0.723975 0.464393 1 1
5 135.179 6 52.7911 0 0 0 0.176656 0.325177 2 1
5 129.449 6 73.9678 0 0 0 0.637906 0.182003 3 1
5 124.958 6 96.4747 0 0 0 0.0245755 0.138114 4 1
5 132.853 6 108.003 0 0 0 0.212269 0.385282 5 1
5 128.955 6 131.204 0 0 0 0.129663 0.0131615 6 1
5 131.148 6 148.807 0 0 0 0.864 0.864 0.864 2
5 125.274 6 173.809 0 0 0 0.24699 0.224643 8 1
5 128.258 6 186.619 0 0 0 0.897055 0.844113 9 1
5 132.445 6 217.108 0 0 0 0.417174 0.739467 10 1
5 155.883 6 -206.467 0 0 0 0.0924937 0.463442 -11 1
5 144.375 6 -189.182 0 0 0 0.864 0.864 0.864 2
5 153.202 6 -172.393 0 0 0 0.214741 0.278005 -9 1
5 140.289 6 -142.893 0 0 0 0.458269 0.30258 -8 1
5 147.915 6 -138.28 0 0 0 0.875932 0.514849 -7 1
5 152.47 6 -103.537 0 0 0 0.864 0.864 0.864 2
5 140.139 6 -99.0525 0 0 0 0.798706 0.389667 -5 1
5 152.568 6 -68.034 0 0 0 0.322451 0.636656 -4 1
5 146.575 6 -51.4439 0 0 0 0.864194 0.533712 -3 1
5 140.079 6 -29.4025 0 0 0 0.0996293 0.950885 -2 1
5 152.582 6 -6.76871 0 0 0 0.576479 0.043379 -1 1
5 141.947 6 13.1131 0 0 0 0.517722 0.924104 0 1
5 145.932 6 32.0454 0 0 0 0.864 0.864 0.864 3
5 146.5 6 43.6692 0 0 0 0.232565 0.597113 2 1
5 146.445 6 62.592 0 0 0 0.819102 0.473045 3 1
5 154.059 6 81.1641 0 0 0 0.79092 0.126805 4 1
5 155.075 6 104.36 0 0 0 0.775899 0.925511 5 1
5 141.957 6 137.326 0 0 0 0.864 0.864 0.864 3
5 145.982 6 149.82 0 0 0 0.0316064 0.112157 7 1
5 152.367 6 165.195 0 0 0 0.864 0.864 0.864 3
5 153.642 6 197.877 0 0 0 0.939649 0.788265 9 1
5 141.563 6 210.474 0 0 0 0.726846 0.305987 10 1
5 161.626 6 -204.651 0 0 0 0.864 0.864 0.864 2
5 172.713 6 -187.317 0 0 0 0.859441 0.322695 -10 1
5 160.118 6 -166.191 0 0 0 0.864 0.864 0.864 2
5 169.913 6 -157.067 0 0 0 0.39005 0.932716 -8 1
5 173.217 6 -136.592 0 0 0 0.557291 0.708616 -7 1
5 165.165 6 -107.963 0 0 0 0.114199 4.68777e-05 -6 1
5 168.276 6 -93.3307 0 0 0 0.307763 0.0316532 -5 1
5 164.56 6 -67.3676 0 0 0 0.0350389 0.647548 -4 1
5 169.767 6 -43.5583 0 0 0 0.7132 0.587197 -3 1
5 165.539 6 -32.4088 0 0 0 0.43474 0.314043 -2 1
5 171.273 6 -2.88475 0 0 0 0.080384 0.468185 -1 1
5 166.255 6 10.5188 0 0 0 0.864873 0.327626 0 1
5 164.695 6 31.1708 0 0 0 0.864 0.864 0.864 2
5 160.822 6 56.2919 0 0 0 0.101124 0.584998 2 1
5 165.996 6 69.1888 0 0 0 0.082577 0.142289 3 1
5 166.215 6 84.5694 0 0 0 0.989541 0.256489 4 1
5 165.906 6 113.107 0 0 0 0.144468 0.564252 5 1
5 162.091 6 128.221 0 0 0 0.411551 0.599291 6 1
5 164.32 6 142.411 0 0 0 0.89042 0.312491 7 1
5 170.585 6 162.077 0 0 0 0.157555 0.747231 8 1
5 168.449 6 192.131 0 0 0 0.730677 0.827615 9 1
5 162.049 6 214.009 0 0 0 0.393928 0.692488 10 1
5 180.947 6 -207.034 0 0 0 0.379874 0.938963 -11 1
5 190.548 6 -194.127 0 0 0 0.507617 0.0400871 -10 1
5 195.238 6 -169.135 0 0 0 0.568076 0.122664 -9 1
5 189.455 6 -154.057 0 0 0 0.33715 0.112205 -8 1
5 195.598 6 -127.166 0 0 0 0.106272 0.256673 -7 1
5 193.342 6 -106.74 0 0 0 0.907046 0.668225 -6 1
5 194.719 6 -87.9545 0 0 0 0.355369 0.558645 -5 1
5 185.849 6 -74.9266 0 0 0 0.390888 0.716199 -4 1
5 192.896 6 -47.2083 0 0 0 0.740451 0.446876 -3 1
5 194.201 6 -26.781 0 0 0 0.558198 0.840804 -2 1
5 180.274 6 -6.7795 0 0 0 0.703571 0.220679 -1 1
5 184.711 6 14.6718 0 0 0 0.0438913 0.728296 0 1
5 193.493 6 32.5586 0 0 0 0.864 0.864 0.864 2
5 192.099 6 49.4836 0 0 0 0.0368176 0.633522 2 1
5 191.725 6 62.1378 0 0 0 0.360914 0.739794 3 1
5 190.405 6 92.0628 0 0 0 0.864 0.864 0.864 2
5 193.293 6 102.4 0 0 0 0.736901 0.00220922 5 1
5 182.521 6 132.432 0 0 0 0.53703 0.393097 6 1
5 191.99 6 151.644 0 0 0 0.0843902 0.133548 7 1
5 194.16 6 164.159 0 0 0 0.864 0.864 0.864 2
5 191.392 6 186.992 0 0 0 0.526827 0.395316 9 1
5 190.872 6 212.115 0 0 0 0.864 0.864 0.864 2
5 203.855 6 -212.382 0 0 0 0.864 0.864 0.864 2
5 208.549 6 -194.962 0 0 0 0.748942 0.445235 -10 1
5 209.418 6 -164.364 0 0 0 0.030324 0.806149 -9 1
5 204.949 6 -156.024 0 0 0 0.568379 0.0554106 -8 1
5 208.527 6 -130.326 0 0 0 0.774659 0.792311 -7 1
5 210.641 6 -118.762 0 0 0 0.539584 0.329342 -6 1
5 200.476 6 -84.5516 0 0 0 0.0207081 0.413732 -5 1
5 213.18 6 -71.0582 0 0 0 0.864 0.864 0.864 2
5 208.779 6 -53.6657 0 0 0 0.717512 0.399924 -3 1
5 208.787 6 -36.678 0 0 0 0.706995 0.933176 -2 1
5 204.504 6 -14.9827 0 0 0 0.864 0.864 0.864 3
5 209.2 6 0.336673 0 0 0 0.438924 0.261883 0 1
5 207.144 6 21.4456 0 0 0 0.0865962 0.292207 1 1
5 207.114 6 54.3751 0 0 0 0.474063 0.860587 2 1
5 205.267 6 65.1585 0 0 0 0.508369 0.635246 3 1
5 209.438 6 95.2821 0 0 0 0.544885 0.17483 4 1
5 204.508 6 114.771 0 0 0 0.974499 0.195538 5 1
5 212.117 6 128.511 0 0 0 0.53766 0.144246 6 1
5 204.292 6 157.065 0 0 0 0.864 0.864 0.864 2
5 200.518 6 174.302 0 0 0 0.864 0.864 0.864 3
5 207.061 6 192.22 0 0 0 0.864 0.864 0.864 2
5 205.031 6 201.705 0 0 0 0.0300651 0.432452 10 1
