4 1000
6 -300 -221 154 100 100 100 0 0 0 1
6 -25 20 -169 0 0 0 0.95 0.3 0.95 1
6 -272 107 108 0 0 0 0.95 0.3 0.95 1
6 261 -70 12 0 0 0 0.95 0.3 0.95 1
6 199 -280 -268 0 0 0 0.95 0.3 0.95 1
6 18 103 -296 0 0 0 0.95 0.3 0.95 1
6 -70 -260 -50 0 0 0 0.95 0.3 0.95 1
6 112 53 259 0 0 0 0.95 0.3 0.95 1
6 208 16 -245 0 0 0 0.95 0.3 0.95 1
6 93 -50 121 0 0 0 0.95 0.3 0.95 1
6 247 158 -143 100 100 100 0 0 0 1
6 -272 142 -103 0 0 0 0.95 0.3 0.95 1
6 80 154 295 0 0 0 0.95 0.3 0.95 1
6 -81 -152 290 0 0 0 0.95 0.3 0.95 1
6 134 152 91 0 0 0 0.95 0.3 0.95 1
6 -257 79 231 0 0 0 0.95 0.3 0.95 1
6 -137 -38 160 0 0 0 0.95 0.3 0.95 1
6 -13 -158 -135 0 0 0 0.95 0.3 0.95 1
6 -85 -200 -8 0 0 0 0.95 0.3 0.95 1
6 239 246 -264 0 0 0 0.95 0.3 0.95 1
6 243 3 10 100 100 100 0 0 0 1
6 -109 292 -4 0 0 0 0.95 0.3 0.95 1
6 -141 -246 269 0 0 0 0.95 0.3 0.95 1
6 -256 0 -70 0 0 0 0.95 0.3 0.95 1
6 -134 249 18 0 0 0 0.95 0.3 0.95 1
6 -21 265 -270 0 0 0 0.95 0.3 0.95 1
6 157 162 197 0 0 0 0.95 0.3 0.95 1
6 -225 -291 113 0 0 0 0.95 0.3 0.95 1
6 221 78 142 0 0 0 0.95 0.3 0.95 1
6 135 300 234 0 0 0 0.95 0.3 0.95 1
6 -160 -116 -90 100 100 100 0 0 0 1
6 8 55 208 0 0 0 0.95 0.3 0.95 1
6 -53 205 -139 0 0 0 0.95 0.3 0.95 1
6 -51 22 -19 0 0 0 0.95 0.3 0.95 1
6 -128 -193 -208 0 0 0 0.95 0.3 0.95 1
6 43 182 -281 0 0 0 0.95 0.3 0.95 1
6 21 -1 274 0 0 0 0.95 0.3 0.95 1
6 149 33 235 0 0 0 0.95 0.3 0.95 1
6 75 206 -204 0 0 0 0.95 0.3 0.95 1
6 -173 129 -222 0 0 0 0.95 0.3 0.95 1
6 -246 -135 -299 100 100 100 0 0 0 1
6 -52 -284 126 0 0 0 0.95 0.3 0.95 1
6 263 -156 -192 0 0 0 0.95 0.3 0.95 1
6 -110 233 91 0 0 0 0.95 0.3 0.95 1
6 -210 109 -69 0 0 0 0.95 0.3 0.95 1
6 -67 0 -212 0 0 0 0.95 0.3 0.95 1
6 52 208 54 0 0 0 0.95 0.3 0.95 1
6 274 34 -211 0 0 0 0.95 0.3 0.95 1
6 290 -55 -215 0 0 0 0.95 0.3 0.95 1
6 39 -149 -7 0 0 0 0.95 0.3 0.95 1
6 -22 277 -225 100 100 100 0 0 0 1
6 -180 -109 78 0 0 0 0.95 0.3 0.95 1
6 -224 91 73 0 0 0 0.95 0.3 0.95 1
6 182 -152 -14 0 0 0 0.95 0.3 0.95 1
6 -67 -178 -283 0 0 0 0.95 0.3 0.95 1
6 241 -44 -215 0 0 0 0.95 0.3 0.95 1
6 269 -54 -222 0 0 0 0.95 0.3 0.95 1
6 232 -245 -203 0 0 0 0.95 0.3 0.95 1
6 -258 -81 -148 0 0 0 0.95 0.3 0.95 1
6 -219 170 -27 0 0 0 0.95 0.3 0.95 1
6 -90 -29 186 100 100 100 0 0 0 1
6 259 91 -171 0 0 0 0.95 0.3 0.95 1
6 108 246 -150 0 0 0 0.95 0.3 0.95 1
6 217 -17 4 0 0 0 0.95 0.3 0.95 1
6 60 191 154 0 0 0 0.95 0.3 0.95 1
6 -23 271 80 0 0 0 0.95 0.3 0.95 1
6 -36 195 114 0 0 0 0.95 0.3 0.95 1
6 122 293 273 0 0 0 0.95 0.3 0.95 1
6 211 -127 22 0 0 0 0.95 0.3 0.95 1
6 9 -238 -52 0 0 0 0.95 0.3 0.95 1
6 46 226 -36 100 100 100 0 0 0 1
6 138 222 130 0 0 0 0.95 0.3 0.95 1
6 181 124 145 0 0 0 0.95 0.3 0.95 1
6 -289 232 15 0 0 0 0.95 0.3 0.95 1
6 -22 -261 128 0 0 0 0.95 0.3 0.95 1
6 -7 101 109 0 0 0 0.95 0.3 0.95 1
6 -181 250 220 0 0 0 0.95 0.3 0.95 1
6 234 26 -217 0 0 0 0.95 0.3 0.95 1
6 -30 294 -171 0 0 0 0.95 0.3 0.95 1
6 -32 -111 9 0 0 0 0.95 0.3 0.95 1
6 229 -36 -20 100 100 100 0 0 0 1
6 184 -81 -173 0 0 0 0.95 0.3 0.95 1
6 300 -208 78 0 0 0 0.95 0.3 0.95 1
6 70 -300 -300 0 0 0 0.95 0.3 0.95 1
6 164 137 -109 0 0 0 0.95 0.3 0.95 1
6 -49 110 109 0 0 0 0.95 0.3 0.95 1
6 -177 202 126 0 0 0 0.95 0.3 0.95 1
6 198 -244 -251 0 0 0 0.95 0.3 0.95 1
6 159 78 -172 0 0 0 0.95 0.3 0.95 1
6 -172 -252 -67 0 0 0 0.95 0.3 0.95 1
6 272 269 -66 100 100 100 0 0 0 1
6 -139 115 -130 0 0 0 0.95 0.3 0.95 1
6 166 171 -47 0 0 0 0.95 0.3 0.95 1
6 -131 -184 -294 0 0 0 0.95 0.3 0.95 1
6 -185 290 -154 0 0 0 0.95 0.3 0.95 1
6 192 -218 -61 0 0 0 0.95 0.3 0.95 1
6 61 -194 197 0 0 0 0.95 0.3 0.95 1
6 -206 293 -146 0 0 0 0.95 0.3 0.95 1
6 -160 -239 -169 0 0 0 0.95 0.3 0.95 1
6 81 118 177 0 0 0 0.95 0.3 0.95 1
6 118 152 102 100 100 100 0 0 0 1
6 80 -267 59 0 0 0 0.95 0.3 0.95 1
6 -164 -109 120 0 0 0 0.95 0.3 0.95 1
6 -230 158 16 0 0 0 0.95 0.3 0.95 1
6 32 53 -102 0 0 0 0.95 0.3 0.95 1
6 122 -215 -203 0 0 0 0.95 0.3 0.95 1
6 -9 216 188 0 0 0 0.95 0.3 0.95 1
6 34 144 -111 0 0 0 0.95 0.3 0.95 1
6 -219 17 -114 0 0 0 0.95 0.3 0.95 1
6 53 11 -42 0 0 0 0.95 0.3 0.95 1
6 -145 -78 -64 100 100 100 0 0 0 1
6 -32 -14 -67 0 0 0 0.95 0.3 0.95 1
6 -133 -253 -78 0 0 0 0.95 0.3 0.95 1
6 -148 103 106 0 0 0 0.95 0.3 0.95 1
6 8 137 133 0 0 0 0.95 0.3 0.95 1
6 267 -24 265 0 0 0 0.95 0.3 0.95 1
6 -107 -24 10 0 0 0 0.95 0.3 0.95 1
6 97 -59 63 0 0 0 0.95 0.3 0.95 1
6 292 -210 102 0 0 0 0.95 0.3 0.95 1
6 -94 25 14 0 0 0 0.95 0.3 0.95 1
6 198 -292 -136 100 100 100 0 0 0 1
6 86 28 251 0 0 0 0.95 0.3 0.95 1
6 -140 283 -152 0 0 0 0.95 0.3 0.95 1
6 207 117 -27 0 0 0 0.95 0.3 0.95 1
6 191 -287 -204 0 0 0 0.95 0.3 0.95 1
6 124 125 -38 0 0 0 0.95 0.3 0.95 1
6 50 151 295 0 0 0 0.95 0.3 0.95 1
6 118 -133 153 0 0 0 0.95 0.3 0.95 1
6 -198 -298 -3 0 0 0 0.95 0.3 0.95 1
6 -252 -202 242 0 0 0 0.95 0.3 0.95 1
6 170 148 -38 100 100 100 0 0 0 1
6 -297 51 11 0 0 0 0.95 0.3 0.95 1
6 -260 26 -66 0 0 0 0.95 0.3 0.95 1
6 -171 -69 76 0 0 0 0.95 0.3 0.95 1
6 96 126 23 0 0 0 0.95 0.3 0.95 1
6 -132 190 -77 0 0 0 0.95 0.3 0.95 1
6 112 -114 -295 0 0 0 0.95 0.3 0.95 1
6 -238 13 166 0 0 0 0.95 0.3 0.95 1
6 -168 -267 -258 0 0 0 0.95 0.3 0.95 1
6 -204 134 -122 0 0 0 0.95 0.3 0.95 1
6 -270 -13 -26 100 100 100 0 0 0 1
6 12 -32 -210 0 0 0 0.95 0.3 0.95 1
6 -129 201 118 0 0 0 0.95 0.3 0.95 1
6 47 109 -101 0 0 0 0.95 0.3 0.95 1
6 -266 293 25 0 0 0 0.95 0.3 0.95 1
6 -300 214 -283 0 0 0 0.95 0.3 0.95 1
6 -74 -6 46 0 0 0 0.95 0.3 0.95 1
6 144 108 22 0 0 0 0.95 0.3 0.95 1
6 -279 -227 284 0 0 0 0.95 0.3 0.95 1
6 -187 -89 69 0 0 0 0.95 0.3 0.95 1
6 65 -225 32 100 100 100 0 0 0 1
6 273 -86 203 0 0 0 0.95 0.3 0.95 1
6 285 -145 -149 0 0 0 0.95 0.3 0.95 1
6 -45 188 239 0 0 0 0.95 0.3 0.95 1
6 -154 157 117 0 0 0 0.95 0.3 0.95 1
6 -29 -142 99 0 0 0 0.95 0.3 0.95 1
6 -230 -175 -232 0 0 0 0.95 0.3 0.95 1
6 28 -297 -195 0 0 0 0.95 0.3 0.95 1
6 60 -41 -251 0 0 0 0.95 0.3 0.95 1
6 113 -75 202 0 0 0 0.95 0.3 0.95 1
6 -226 284 -283 100 100 100 0 0 0 1
6 -252 -3 162 0 0 0 0.95 0.3 0.95 1
6 261 -150 -84 0 0 0 0.95 0.3 0.95 1
6 162 0 150 0 0 0 0.95 0.3 0.95 1
6 103 109 154 0 0 0 0.95 0.3 0.95 1
6 -279 -162 -167 0 0 0 0.95 0.3 0.95 1
6 38 92 70 0 0 0 0.95 0.3 0.95 1
6 -77 -165 -160 0 0 0 0.95 0.3 0.95 1
6 92 -201 147 0 0 0 0.95 0.3 0.95 1
6 -204 -272 97 0 0 0 0.95 0.3 0.95 1
6 -225 270 -10 100 100 100 0 0 0 1
6 73 249 -290 0 0 0 0.95 0.3 0.95 1
6 56 133 -2 0 0 0 0.95 0.3 0.95 1
6 -268 -35 12 0 0 0 0.95 0.3 0.95 1
6 163 -261 -34 0 0 0 0.95 0.3 0.95 1
6 287 -19 -103 0 0 0 0.95 0.3 0.95 1
6 -32 146 -177 0 0 0 0.95 0.3 0.95 1
6 -198 -77 264 0 0 0 0.95 0.3 0.95 1
6 279 -147 -258 0 0 0 0.95 0.3 0.95 1
6 -226 16 -204 0 0 0 0.95 0.3 0.95 1
6 11 -237 205 100 100 100 0 0 0 1
6 -79 -46 -104 0 0 0 0.95 0.3 0.95 1
6 128 46 224 0 0 0 0.95 0.3 0.95 1
6 155 202 120 0 0 0 0.95 0.3 0.95 1
6 -67 262 63 0 0 0 0.95 0.3 0.95 1
6 -83 24 -27 0 0 0 0.95 0.3 0.95 1
6 -59 -156 -251 0 0 0 0.95 0.3 0.95 1
6 -47 -17 -126 0 0 0 0.95 0.3 0.95 1
6 -237 -170 182 0 0 0 0.95 0.3 0.95 1
6 16 101 219 0 0 0 0.95 0.3 0.95 1
6 -154 127 -142 100 100 100 0 0 0 1
6 -70 -252 -24 0 0 0 0.95 0.3 0.95 1
6 -161 178 -5 0 0 0 0.95 0.3 0.95 1
6 -299 -141 99 0 0 0 0.95 0.3 0.95 1
6 -45 -188 279 0 0 0 0.95 0.3 0.95 1
6 -220 178 268 0 0 0 0.95 0.3 0.95 1
6 -198 64 -262 0 0 0 0.95 0.3 0.95 1
6 -92 -125 6 0 0 0 0.95 0.3 0.95 1
6 196 201 136 0 0 0 0.95 0.3 0.95 1
6 -103 182 79 0 0 0 0.95 0.3 0.95 1
6 -273 -276 -208 100 100 100 0 0 0 1
6 161 -263 12 0 0 0 0.95 0.3 0.95 1
6 258 -168 -178 0 0 0 0.95 0.3 0.95 1
6 -247 120 124 0 0 0 0.95 0.3 0.95 1
6 -3 -143 127 0 0 0 0.95 0.3 0.95 1
6 -73 -180 -161 0 0 0 0.95 0.3 0.95 1
6 -38 -18 217 0 0 0 0.95 0.3 0.95 1
6 287 -33 -280 0 0 0 0.95 0.3 0.95 1
6 14 -281 152 0 0 0 0.95 0.3 0.95 1
6 55 194 -102 0 0 0 0.95 0.3 0.95 1
6 -161 22 -42 100 100 100 0 0 0 1
6 -58 293 281 0 0 0 0.95 0.3 0.95 1
6 211 221 -113 0 0 0 0.95 0.3 0.95 1
6 -211 299 84 0 0 0 0.95 0.3 0.95 1
6 -19 260 115 0 0 0 0.95 0.3 0.95 1
6 190 25 44 0 0 0 0.95 0.3 0.95 1
6 -205 268 193 0 0 0 0.95 0.3 0.95 1
6 -207 -276 -94 0 0 0 0.95 0.3 0.95 1
6 -234 -242 11 0 0 0 0.95 0.3 0.95 1
6 -287 37 214 0 0 0 0.95 0.3 0.95 1
6 10 105 143 100 100 100 0 0 0 1
6 119 -287 -185 0 0 0 0.95 0.3 0.95 1
6 103 -93 -261 0 0 0 0.95 0.3 0.95 1
6 -216 253 -167 0 0 0 0.95 0.3 0.95 1
6 -72 52 -200 0 0 0 0.95 0.3 0.95 1
6 -285 115 158 0 0 0 0.95 0.3 0.95 1
6 128 -254 54 0 0 0 0.95 0.3 0.95 1
6 256 258 -42 0 0 0 0.95 0.3 0.95 1
6 4 199 252 0 0 0 0.95 0.3 0.95 1
6 61 135 12 0 0 0 0.95 0.3 0.95 1
6 -6 -203 286 100 100 100 0 0 0 1
6 45 -136 19 0 0 0 0.95 0.3 0.95 1
6 119 100 -242 0 0 0 0.95 0.3 0.95 1
6 29 67 101 0 0 0 0.95 0.3 0.95 1
6 -3 43 53 0 0 0 0.95 0.3 0.95 1
6 -35 -210 1 0 0 0 0.95 0.3 0.95 1
6 139 -281 -269 0 0 0 0.95 0.3 0.95 1
6 13 -108 -279 0 0 0 0.95 0.3 0.95 1
6 -153 -236 -70 0 0 0 0.95 0.3 0.95 1
6 31 58 67 0 0 0 0.95 0.3 0.95 1
6 262 163 8 100 100 100 0 0 0 1
6 -8 90 118 0 0 0 0.95 0.3 0.95 1
6 -56 -8 -12 0 0 0 0.95 0.3 0.95 1
6 126 21 -134 0 0 0 0.95 0.3 0.95 1
6 63 -132 122 0 0 0 0.95 0.3 0.95 1
6 18 263 -159 0 0 0 0.95 0.3 0.95 1
6 -52 59 170 0 0 0 0.95 0.3 0.95 1
6 253 109 193 0 0 0 0.95 0.3 0.95 1
6 16 -162 -214 0 0 0 0.95 0.3 0.95 1
6 240 -149 91 0 0 0 0.95 0.3 0.95 1
6 -298 262 -135 100 100 100 0 0 0 1
6 216 -133 272 0 0 0 0.95 0.3 0.95 1
6 4 -227 -50 0 0 0 0.95 0.3 0.95 1
6 122 -38 -236 0 0 0 0.95 0.3 0.95 1
6 160 -240 -35 0 0 0 0.95 0.3 0.95 1
6 -93 -122 155 0 0 0 0.95 0.3 0.95 1
6 -97 -102 -267 0 0 0 0.95 0.3 0.95 1
6 44 -9 -179 0 0 0 0.95 0.3 0.95 1
6 -232 285 219 0 0 0 0.95 0.3 0.95 1
6 -5 -80 183 0 0 0 0.95 0.3 0.95 1
6 -203 -205 -266 100 100 100 0 0 0 1
6 -211 -19 -72 0 0 0 0.95 0.3 0.95 1
6 231 -46 -53 0 0 0 0.95 0.3 0.95 1
6 91 -115 -264 0 0 0 0.95 0.3 0.95 1
6 189 239 252 0 0 0 0.95 0.3 0.95 1
6 241 162 -198 0 0 0 0.95 0.3 0.95 1
6 44 -282 182 0 0 0 0.95 0.3 0.95 1
6 13 217 -134 0 0 0 0.95 0.3 0.95 1
6 222 52 -67 0 0 0 0.95 0.3 0.95 1
6 187 15 264 0 0 0 0.95 0.3 0.95 1
6 -48 48 150 100 100 100 0 0 0 1
6 229 -97 -187 0 0 0 0.95 0.3 0.95 1
6 146 132 228 0 0 0 0.95 0.3 0.95 1
6 -257 126 228 0 0 0 0.95 0.3 0.95 1
6 -85 -246 -204 0 0 0 0.95 0.3 0.95 1
6 -50 -243 105 0 0 0 0.95 0.3 0.95 1
6 38 188 227 0 0 0 0.95 0.3 0.95 1
6 162 81 238 0 0 0 0.95 0.3 0.95 1
6 227 -8 -233 0 0 0 0.95 0.3 0.95 1
6 -74 -71 113 0 0 0 0.95 0.3 0.95 1
6 -227 -254 -214 100 100 100 0 0 0 1
6 -13 125 -157 0 0 0 0.95 0.3 0.95 1
6 -66 286 77 0 0 0 0.95 0.3 0.95 1
6 109 246 -83 0 0 0 0.95 0.3 0.95 1
6 216 177 -43 0 0 0 0.95 0.3 0.95 1
6 -256 -1 -10 0 0 0 0.95 0.3 0.95 1
6 -30 0 145 0 0 0 0.95 0.3 0.95 1
6 260 -120 -213 0 0 0 0.95 0.3 0.95 1
6 -234 -252 284 0 0 0 0.95 0.3 0.95 1
6 -55 -157 278 0 0 0 0.95 0.3 0.95 1
6 200 -181 -223 100 100 100 0 0 0 1
6 -183 -97 45 0 0 0 0.95 0.3 0.95 1
6 -36 51 -40 0 0 0 0.95 0.3 0.95 1
6 -79 -71 60 0 0 0 0.95 0.3 0.95 1
6 -42 -211 102 0 0 0 0.95 0.3 0.95 1
6 298 119 -58 0 0 0 0.95 0.3 0.95 1
6 210 192 176 0 0 0 0.95 0.3 0.95 1
6 -76 -295 -12 0 0 0 0.95 0.3 0.95 1
6 84 88 87 0 0 0 0.95 0.3 0.95 1
6 180 -74 -86 0 0 0 0.95 0.3 0.95 1
6 -66 -100 116 100 100 100 0 0 0 1
6 -213 -125 100 0 0 0 0.95 0.3 0.95 1
6 213 -111 -214 0 0 0 0.95 0.3 0.95 1
6 61 -297 253 0 0 0 0.95 0.3 0.95 1
6 -71 10 -93 0 0 0 0.95 0.3 0.95 1
6 -142 -126 201 0 0 0 0.95 0.3 0.95 1
6 -226 81 -271 0 0 0 0.95 0.3 0.95 1
6 -25 -74 -207 0 0 0 0.95 0.3 0.95 1
6 154 100 -294 0 0 0 0.95 0.3 0.95 1
6 177 37 -127 0 0 0 0.95 0.3 0.95 1
6 -51 -108 9 100 100 100 0 0 0 1
6 132 206 -161 0 0 0 0.95 0.3 0.95 1
6 -21 -76 -270 0 0 0 0.95 0.3 0.95 1
6 -256 -179 40 0 0 0 0.95 0.3 0.95 1
6 199 -47 204 0 0 0 0.95 0.3 0.95 1
6 -124 -192 -86 0 0 0 0.95 0.3 0.95 1
6 261 54 -79 0 0 0 0.95 0.3 0.95 1
6 -22 77 267 0 0 0 0.95 0.3 0.95 1
6 -57 -270 -33 0 0 0 0.95 0.3 0.95 1
6 58 149 219 0 0 0 0.95 0.3 0.95 1
6 -222 -238 99 100 100 100 0 0 0 1
6 200 49 95 0 0 0 0.95 0.3 0.95 1
6 290 -289 253 0 0 0 0.95 0.3 0.95 1
6 -183 281 14 0 0 0 0.95 0.3 0.95 1
6 -133 132 54 0 0 0 0.95 0.3 0.95 1
6 203 201 96 0 0 0 0.95 0.3 0.95 1
6 138 86 -90 0 0 0 0.95 0.3 0.95 1
6 21 99 -106 0 0 0 0.95 0.3 0.95 1
6 222 -35 251 0 0 0 0.95 0.3 0.95 1
6 -134 272 -230 0 0 0 0.95 0.3 0.95 1
6 -50 202 278 100 100 100 0 0 0 1
6 -100 16 22 0 0 0 0.95 0.3 0.95 1
6 191 258 98 0 0 0 0.95 0.3 0.95 1
6 -154 265 58 0 0 0 0.95 0.3 0.95 1
6 -225 -152 232 0 0 0 0.95 0.3 0.95 1
6 -183 -203 202 0 0 0 0.95 0.3 0.95 1
6 62 74 204 0 0 0 0.95 0.3 0.95 1
6 103 -65 223 0 0 0 0.95 0.3 0.95 1
6 101 -231 -300 0 0 0 0.95 0.3 0.95 1
6 106 77 -27 0 0 0 0.95 0.3 0.95 1
6 45 -281 -89 100 100 100 0 0 0 1
6 213 -78 97 0 0 0 0.95 0.3 0.95 1
6 46 -264 147 0 0 0 0.95 0.3 0.95 1
6 -133 -34 -194 0 0 0 0.95 0.3 0.95 1
6 -245 239 296 0 0 0 0.95 0.3 0.95 1
6 57 -281 115 0 0 0 0.95 0.3 0.95 1
6 -8 42 238 0 0 0 0.95 0.3 0.95 1
6 -39 113 -178 0 0 0 0.95 0.3 0.95 1
6 -11 -137 269 0 0 0 0.95 0.3 0.95 1
6 -154 272 -14 0 0 0 0.95 0.3 0.95 1
6 -224 277 215 100 100 100 0 0 0 1
6 -170 -296 170 0 0 0 0.95 0.3 0.95 1
6 -270 276 85 0 0 0 0.95 0.3 0.95 1
6 44 -218 -223 0 0 0 0.95 0.3 0.95 1
6 195 1 94 0 0 0 0.95 0.3 0.95 1
6 3 16 -229 0 0 0 0.95 0.3 0.95 1
6 242 102 -134 0 0 0 0.95 0.3 0.95 1
6 -68 -65 199 0 0 0 0.95 0.3 0.95 1
6 -154 -226 137 0 0 0 0.95 0.3 0.95 1
6 89 -180 210 0 0 0 0.95 0.3 0.95 1
6 -287 -237 -188 100 100 100 0 0 0 1
6 -84 168 132 0 0 0 0.95 0.3 0.95 1
6 100 49 -89 0 0 0 0.95 0.3 0.95 1
6 -206 -125 -199 0 0 0 0.95 0.3 0.95 1
6 -166 103 -57 0 0 0 0.95 0.3 0.95 1
6 232 48 -95 0 0 0 0.95 0.3 0.95 1
6 -38 120 201 0 0 0 0.95 0.3 0.95 1
6 175 210 -131 0 0 0 0.95 0.3 0.95 1
6 -141 -198 20 0 0 0 0.95 0.3 0.95 1
6 -257 300 150 0 0 0 0.95 0.3 0.95 1
6 -227 -202 -45 100 100 100 0 0 0 1
6 164 -172 -40 0 0 0 0.95 0.3 0.95 1
6 -281 258 -237 0 0 0 0.95 0.3 0.95 1
6 -140 -11 176 0 0 0 0.95 0.3 0.95 1
6 -146 -172 -131 0 0 0 0.95 0.3 0.95 1
6 -72 -175 258 0 0 0 0.95 0.3 0.95 1
6 159 70 46 0 0 0 0.95 0.3 0.95 1
6 -86 245 -182 0 0 0 0.95 0.3 0.95 1
6 -232 175 119 0 0 0 0.95 0.3 0.95 1
6 -290 149 -232 0 0 0 0.95 0.3 0.95 1
6 237 93 -93 100 100 100 0 0 0 1
6 -71 -171 -101 0 0 0 0.95 0.3 0.95 1
6 -290 249 172 0 0 0 0.95 0.3 0.95 1
6 -64 138 199 0 0 0 0.95 0.3 0.95 1
6 227 -223 -94 0 0 0 0.95 0.3 0.95 1
6 266 -83 -89 0 0 0 0.95 0.3 0.95 1
6 -252 43 166 0 0 0 0.95 0.3 0.95 1
6 207 -4 191 0 0 0 0.95 0.3 0.95 1
6 86 -39 -89 0 0 0 0.95 0.3 0.95 1
6 -91 -131 252 0 0 0 0.95 0.3 0.95 1
6 76 147 -206 100 100 100 0 0 0 1
6 166 -149 67 0 0 0 0.95 0.3 0.95 1
6 213 -111 65 0 0 0 0.95 0.3 0.95 1
6 -225 -76 -220 0 0 0 0.95 0.3 0.95 1
6 -143 -225 -179 0 0 0 0.95 0.3 0.95 1
6 151 -258 -25 0 0 0 0.95 0.3 0.95 1
6 278 -159 -182 0 0 0 0.95 0.3 0.95 1
6 111 -252 213 0 0 0 0.95 0.3 0.95 1
6 -209 -228 186 0 0 0 0.95 0.3 0.95 1
6 267 -273 -264 0 0 0 0.95 0.3 0.95 1
6 198 -216 181 100 100 100 0 0 0 1
6 -164 -61 60 0 0 0 0.95 0.3 0.95 1
6 93 -268 292 0 0 0 0.95 0.3 0.95 1
6 188 -52 -281 0 0 0 0.95 0.3 0.95 1
6 -236 285 221 0 0 0 0.95 0.3 0.95 1
6 103 201 -157 0 0 0 0.95 0.3 0.95 1
6 130 54 -167 0 0 0 0.95 0.3 0.95 1
6 -164 -300 -31 0 0 0 0.95 0.3 0.95 1
6 -54 260 -287 0 0 0 0.95 0.3 0.95 1
6 8 -74 216 0 0 0 0.95 0.3 0.95 1
6 177 66 -101 100 100 100 0 0 0 1
6 75 92 87 0 0 0 0.95 0.3 0.95 1
6 -145 -285 293 0 0 0 0.95 0.3 0.95 1
6 -176 86 36 0 0 0 0.95 0.3 0.95 1
6 -74 -228 -31 0 0 0 0.95 0.3 0.95 1
6 -218 52 26 0 0 0 0.95 0.3 0.95 1
6 -10 232 -251 0 0 0 0.95 0.3 0.95 1
6 -83 -240 -121 0 0 0 0.95 0.3 0.95 1
6 205 248 197 0 0 0 0.95 0.3 0.95 1
6 283 188 179 0 0 0 0.95 0.3 0.95 1
6 204 -31 85 100 100 100 0 0 0 1
6 117 190 -19 0 0 0 0.95 0.3 0.95 1
6 -184 -59 259 0 0 0 0.95 0.3 0.95 1
6 -20 -73 11 0 0 0 0.95 0.3 0.95 1
6 -164 240 292 0 0 0 0.95 0.3 0.95 1
6 -218 -25 114 0 0 0 0.95 0.3 0.95 1
6 -133 -55 144 0 0 0 0.95 0.3 0.95 1
6 -282 -118 -185 0 0 0 0.95 0.3 0.95 1
6 188 -135 131 0 0 0 0.95 0.3 0.95 1
6 -55 171 134 0 0 0 0.95 0.3 0.95 1
6 46 80 179 100 100 100 0 0 0 1
6 -300 77 -92 0 0 0 0.95 0.3 0.95 1
6 -17 -5 18 0 0 0 0.95 0.3 0.95 1
6 -109 215 -218 0 0 0 0.95 0.3 0.95 1
6 -61 -68 208 0 0 0 0.95 0.3 0.95 1
6 -267 -26 160 0 0 0 0.95 0.3 0.95 1
6 -125 278 300 0 0 0 0.95 0.3 0.95 1
6 300 145 -90 0 0 0 0.95 0.3 0.95 1
6 178 -181 61 0 0 0 0.95 0.3 0.95 1
6 26 -149 -179 0 0 0 0.95 0.3 0.95 1
6 45 8 149 100 100 100 0 0 0 1
6 65 294 179 0 0 0 0.95 0.3 0.95 1
6 33 -212 -236 0 0 0 0.95 0.3 0.95 1
6 14 -152 43 0 0 0 0.95 0.3 0.95 1
6 -100 107 -259 0 0 0 0.95 0.3 0.95 1
6 207 226 -101 0 0 0 0.95 0.3 0.95 1
6 -213 147 97 0 0 0 0.95 0.3 0.95 1
6 -58 51 33 0 0 0 0.95 0.3 0.95 1
6 -4 69 255 0 0 0 0.95 0.3 0.95 1
6 68 -146 -277 0 0 0 0.95 0.3 0.95 1
6 73 -94 -286 100 100 100 0 0 0 1
6 -197 67 -46 0 0 0 0.95 0.3 0.95 1
6 41 138 -76 0 0 0 0.95 0.3 0.95 1
6 -81 -74 -248 0 0 0 0.95 0.3 0.95 1
6 50 -49 -234 0 0 0 0.95 0.3 0.95 1
6 -105 111 38 0 0 0 0.95 0.3 0.95 1
6 223 19 285 0 0 0 0.95 0.3 0.95 1
6 -264 -15 -234 0 0 0 0.95 0.3 0.95 1
6 296 30 119 0 0 0 0.95 0.3 0.95 1
6 -224 -15 -265 0 0 0 0.95 0.3 0.95 1
6 -33 251 -36 100 100 100 0 0 0 1
6 215 299 30 0 0 0 0.95 0.3 0.95 1
6 -226 208 -186 0 0 0 0.95 0.3 0.95 1
6 99 94 284 0 0 0 0.95 0.3 0.95 1
6 -25 -205 -217 0 0 0 0.95 0.3 0.95 1
6 -130 284 59 0 0 0 0.95 0.3 0.95 1
6 212 -263 256 0 0 0 0.95 0.3 0.95 1
6 270 -20 -131 0 0 0 0.95 0.3 0.95 1
6 -24 -42 220 0 0 0 0.95 0.3 0.95 1
6 -181 -69 156 0 0 0 0.95 0.3 0.95 1
6 189 104 133 100 100 100 0 0 0 1
6 110 -112 -199 0 0 0 0.95 0.3 0.95 1
6 113 253 -201 0 0 0 0.95 0.3 0.95 1
6 -298 -195 -193 0 0 0 0.95 0.3 0.95 1
6 -181 101 105 0 0 0 0.95 0.3 0.95 1
6 11 -106 -20 0 0 0 0.95 0.3 0.95 1
6 -108 -244 223 0 0 0 0.95 0.3 0.95 1
6 -33 -212 91 0 0 0 0.95 0.3 0.95 1
6 266 230 97 0 0 0 0.95 0.3 0.95 1
6 -178 -198 -291 0 0 0 0.95 0.3 0.95 1
6 -201 -235 -83 100 100 100 0 0 0 1
6 37 279 -153 0 0 0 0.95 0.3 0.95 1
6 -286 -282 232 0 0 0 0.95 0.3 0.95 1
6 232 248 28 0 0 0 0.95 0.3 0.95 1
6 -197 -8 189 0 0 0 0.95 0.3 0.95 1
6 262 50 29 0 0 0 0.95 0.3 0.95 1
6 -17 152 -101 0 0 0 0.95 0.3 0.95 1
6 -197 8 -72 0 0 0 0.95 0.3 0.95 1
6 197 281 -298 0 0 0 0.95 0.3 0.95 1
6 -119 -27 235 0 0 0 0.95 0.3 0.95 1
6 206 -150 141 100 100 100 0 0 0 1
6 204 -46 125 0 0 0 0.95 0.3 0.95 1
6 -57 16 15 0 0 0 0.95 0.3 0.95 1
6 -245 -58 170 0 0 0 0.95 0.3 0.95 1
6 -141 -115 -189 0 0 0 0.95 0.3 0.95 1
6 154 73 87 0 0 0 0.95 0.3 0.95 1
6 -104 -208 -190 0 0 0 0.95 0.3 0.95 1
6 -27 20 -203 0 0 0 0.95 0.3 0.95 1
6 256 -55 -282 0 0 0 0.95 0.3 0.95 1
6 -200 39 292 0 0 0 0.95 0.3 0.95 1
6 -216 -100 -115 100 100 100 0 0 0 1
6 -88 -203 -107 0 0 0 0.95 0.3 0.95 1
6 -72 85 61 0 0 0 0.95 0.3 0.95 1
6 -278 -99 -253 0 0 0 0.95 0.3 0.95 1
6 26 -5 -127 0 0 0 0.95 0.3 0.95 1
6 -149 -36 95 0 0 0 0.95 0.3 0.95 1
6 -105 -299 284 0 0 0 0.95 0.3 0.95 1
6 -240 -109 274 0 0 0 0.95 0.3 0.95 1
6 -91 -201 292 0 0 0 0.95 0.3 0.95 1
6 -231 -275 277 0 0 0 0.95 0.3 0.95 1
6 171 -168 -240 100 100 100 0 0 0 1
6 -148 -38 -154 0 0 0 0.95 0.3 0.95 1
6 -131 30 230 0 0 0 0.95 0.3 0.95 1
6 211 102 35 0 0 0 0.95 0.3 0.95 1
6 155 242 212 0 0 0 0.95 0.3 0.95 1
6 156 -160 299 0 0 0 0.95 0.3 0.95 1
6 -143 -75 -120 0 0 0 0.95 0.3 0.95 1
6 148 296 160 0 0 0 0.95 0.3 0.95 1
6 -43 85 -22 0 0 0 0.95 0.3 0.95 1
6 -239 -191 218 0 0 0 0.95 0.3 0.95 1
6 2 259 239 100 100 100 0 0 0 1
6 -126 78 286 0 0 0 0.95 0.3 0.95 1
6 26 199 -268 0 0 0 0.95 0.3 0.95 1
6 -187 286 159 0 0 0 0.95 0.3 0.95 1
6 222 -281 11 0 0 0 0.95 0.3 0.95 1
6 -75 282 -184 0 0 0 0.95 0.3 0.95 1
6 -163 58 238 0 0 0 0.95 0.3 0.95 1
6 30 -250 166 0 0 0 0.95 0.3 0.95 1
6 163 125 -269 0 0 0 0.95 0.3 0.95 1
6 231 -257 297 0 0 0 0.95 0.3 0.95 1
6 -138 0 113 100 100 100 0 0 0 1
6 149 267 114 0 0 0 0.95 0.3 0.95 1
6 247 -198 190 0 0 0 0.95 0.3 0.95 1
6 -131 -11 247 0 0 0 0.95 0.3 0.95 1
6 122 -61 -199 0 0 0 0.95 0.3 0.95 1
6 242 -174 29 0 0 0 0.95 0.3 0.95 1
6 -76 -142 184 0 0 0 0.95 0.3 0.95 1
6 -159 96 -99 0 0 0 0.95 0.3 0.95 1
6 13 -28 64 0 0 0 0.95 0.3 0.95 1
6 100 -287 192 0 0 0 0.95 0.3 0.95 1
6 -74 25 282 100 100 100 0 0 0 1
6 148 176 155 0 0 0 0.95 0.3 0.95 1
6 -28 -56 -154 0 0 0 0.95 0.3 0.95 1
6 122 -172 97 0 0 0 0.95 0.3 0.95 1
6 -56 -134 -94 0 0 0 0.95 0.3 0.95 1
6 -119 113 273 0 0 0 0.95 0.3 0.95 1
6 167 242 -287 0 0 0 0.95 0.3 0.95 1
6 285 -268 -54 0 0 0 0.95 0.3 0.95 1
6 -202 178 -294 0 0 0 0.95 0.3 0.95 1
6 61 253 -234 0 0 0 0.95 0.3 0.95 1
6 27 -257 34 100 100 100 0 0 0 1
6 -70 -11 -66 0 0 0 0.95 0.3 0.95 1
6 -55 36 265 0 0 0 0.95 0.3 0.95 1
6 120 54 -294 0 0 0 0.95 0.3 0.95 1
6 -131 -68 148 0 0 0 0.95 0.3 0.95 1
6 39 33 -139 0 0 0 0.95 0.3 0.95 1
6 -230 -203 -88 0 0 0 0.95 0.3 0.95 1
6 185 -141 -185 0 0 0 0.95 0.3 0.95 1
6 -51 89 18 0 0 0 0.95 0.3 0.95 1
6 -257 -18 -73 0 0 0 0.95 0.3 0.95 1
6 -241 -4 -221 100 100 100 0 0 0 1
6 -171 -37 -88 0 0 0 0.95 0.3 0.95 1
6 297 236 -90 0 0 0 0.95 0.3 0.95 1
6 -37 181 290 0 0 0 0.95 0.3 0.95 1
6 -119 46 31 0 0 0 0.95 0.3 0.95 1
6 -214 4 0 0 0 0 0.95 0.3 0.95 1
6 138 -251 -170 0 0 0 0.95 0.3 0.95 1
6 -197 -69 -75 0 0 0 0.95 0.3 0.95 1
6 -142 -202 214 0 0 0 0.95 0.3 0.95 1
6 -153 236 175 0 0 0 0.95 0.3 0.95 1
6 279 -150 -130 100 100 100 0 0 0 1
6 30 132 9 0 0 0 0.95 0.3 0.95 1
6 -8 -89 215 0 0 0 0.95 0.3 0.95 1
6 -53 -288 250 0 0 0 0.95 0.3 0.95 1
6 276 41 299 0 0 0 0.95 0.3 0.95 1
6 -60 53 184 0 0 0 0.95 0.3 0.95 1
6 -55 -274 27 0 0 0 0.95 0.3 0.95 1
6 -222 45 282 0 0 0 0.95 0.3 0.95 1
6 109 -176 38 0 0 0 0.95 0.3 0.95 1
6 199 -124 -117 0 0 0 0.95 0.3 0.95 1
6 287 291 50 100 100 100 0 0 0 1
6 -100 13 -251 0 0 0 0.95 0.3 0.95 1
6 185 109 57 0 0 0 0.95 0.3 0.95 1
6 -178 -180 -202 0 0 0 0.95 0.3 0.95 1
6 -132 -182 176 0 0 0 0.95 0.3 0.95 1
6 223 174 -246 0 0 0 0.95 0.3 0.95 1
6 -204 -152 157 0 0 0 0.95 0.3 0.95 1
6 10 -65 221 0 0 0 0.95 0.3 0.95 1
6 -101 58 168 0 0 0 0.95 0.3 0.95 1
6 293 273 194 0 0 0 0.95 0.3 0.95 1
6 167 112 206 100 100 100 0 0 0 1
6 77 161 -62 0 0 0 0.95 0.3 0.95 1
6 51 -48 181 0 0 0 0.95 0.3 0.95 1
6 -13 115 188 0 0 0 0.95 0.3 0.95 1
6 31 -123 52 0 0 0 0.95 0.3 0.95 1
6 -15 240 -43 0 0 0 0.95 0.3 0.95 1
6 -144 -22 -300 0 0 0 0.95 0.3 0.95 1
6 95 -245 37 0 0 0 0.95 0.3 0.95 1
6 108 101 147 0 0 0 0.95 0.3 0.95 1
6 92 290 -132 0 0 0 0.95 0.3 0.95 1
6 170 -297 -248 100 100 100 0 0 0 1
6 -265 256 -171 0 0 0 0.95 0.3 0.95 1
6 169 -148 -128 0 0 0 0.95 0.3 0.95 1
6 143 -123 -16 0 0 0 0.95 0.3 0.95 1
6 246 254 235 0 0 0 0.95 0.3 0.95 1
6 -150 152 111 0 0 0 0.95 0.3 0.95 1
6 -19 -16 -175 0 0 0 0.95 0.3 0.95 1
6 4 239 201 0 0 0 0.95 0.3 0.95 1
6 276 284 251 0 0 0 0.95 0.3 0.95 1
6 -211 -143 -62 0 0 0 0.95 0.3 0.95 1
6 163 163 166 100 100 100 0 0 0 1
6 -27 -49 82 0 0 0 0.95 0.3 0.95 1
6 88 145 198 0 0 0 0.95 0.3 0.95 1
6 -137 168 -192 0 0 0 0.95 0.3 0.95 1
6 -228 173 296 0 0 0 0.95 0.3 0.95 1
6 -254 -45 205 0 0 0 0.95 0.3 0.95 1
6 80 267 -42 0 0 0 0.95 0.3 0.95 1
6 268 179 -74 0 0 0 0.95 0.3 0.95 1
6 -152 198 -275 0 0 0 0.95 0.3 0.95 1
6 -163 -244 217 0 0 0 0.95 0.3 0.95 1
6 -274 273 195 100 100 100 0 0 0 1
6 222 7 150 0 0 0 0.95 0.3 0.95 1
6 299 -50 -173 0 0 0 0.95 0.3 0.95 1
6 -58 -235 -83 0 0 0 0.95 0.3 0.95 1
6 -242 -178 -68 0 0 0 0.95 0.3 0.95 1
6 194 240 280 0 0 0 0.95 0.3 0.95 1
6 191 -50 191 0 0 0 0.95 0.3 0.95 1
6 135 -25 -51 0 0 0 0.95 0.3 0.95 1
6 56 62 101 0 0 0 0.95 0.3 0.95 1
6 293 144 -298 0 0 0 0.95 0.3 0.95 1
6 75 -222 238 100 100 100 0 0 0 1
6 107 -103 -158 0 0 0 0.95 0.3 0.95 1
6 -29 109 -145 0 0 0 0.95 0.3 0.95 1
6 -213 123 59 0 0 0 0.95 0.3 0.95 1
6 115 -256 228 0 0 0 0.95 0.3 0.95 1
6 -179 -170 140 0 0 0 0.95 0.3 0.95 1
6 172 275 129 0 0 0 0.95 0.3 0.95 1
6 145 -183 -171 0 0 0 0.95 0.3 0.95 1
6 -288 204 157 0 0 0 0.95 0.3 0.95 1
6 -169 -48 -138 0 0 0 0.95 0.3 0.95 1
6 106 202 -270 100 100 100 0 0 0 1
6 74 80 -25 0 0 0 0.95 0.3 0.95 1
6 -235 135 -290 0 0 0 0.95 0.3 0.95 1
6 -52 23 -239 0 0 0 0.95 0.3 0.95 1
6 84 -39 -284 0 0 0 0.95 0.3 0.95 1
6 -155 -102 79 0 0 0 0.95 0.3 0.95 1
6 -75 27 162 0 0 0 0.95 0.3 0.95 1
6 -253 158 -271 0 0 0 0.95 0.3 0.95 1
6 -190 -18 203 0 0 0 0.95 0.3 0.95 1
6 -97 -79 213 0 0 0 0.95 0.3 0.95 1
6 172 -133 189 100 100 100 0 0 0 1
6 122 239 223 0 0 0 0.95 0.3 0.95 1
6 -52 -191 33 0 0 0 0.95 0.3 0.95 1
6 19 -90 135 0 0 0 0.95 0.3 0.95 1
6 284 -159 -216 0 0 0 0.95 0.3 0.95 1
6 -158 181 194 0 0 0 0.95 0.3 0.95 1
6 -59 221 62 0 0 0 0.95 0.3 0.95 1
6 -277 153 -7 0 0 0 0.95 0.3 0.95 1
6 288 -87 138 0 0 0 0.95 0.3 0.95 1
6 -201 228 -114 0 0 0 0.95 0.3 0.95 1
6 107 -210 -128 100 100 100 0 0 0 1
6 244 -287 55 0 0 0 0.95 0.3 0.95 1
6 267 198 41 0 0 0 0.95 0.3 0.95 1
6 -173 -282 49 0 0 0 0.95 0.3 0.95 1
6 85 -207 -259 0 0 0 0.95 0.3 0.95 1
6 -116 45 -79 0 0 0 0.95 0.3 0.95 1
6 -174 -279 154 0 0 0 0.95 0.3 0.95 1
6 -261 -135 163 0 0 0 0.95 0.3 0.95 1
6 -76 -118 -87 0 0 0 0.95 0.3 0.95 1
6 281 73 119 0 0 0 0.95 0.3 0.95 1
6 -92 -208 10 100 100 100 0 0 0 1
6 39 118 114 0 0 0 0.95 0.3 0.95 1
6 185 -25 142 0 0 0 0.95 0.3 0.95 1
6 -203 -103 -293 0 0 0 0.95 0.3 0.95 1
6 -36 184 260 0 0 0 0.95 0.3 0.95 1
6 38 40 45 0 0 0 0.95 0.3 0.95 1
6 293 137 -234 0 0 0 0.95 0.3 0.95 1
6 7 -33 -15 0 0 0 0.95 0.3 0.95 1
6 27 51 -211 0 0 0 0.95 0.3 0.95 1
6 136 15 -93 0 0 0 0.95 0.3 0.95 1
6 53 -281 246 100 100 100 0 0 0 1
6 155 5 -55 0 0 0 0.95 0.3 0.95 1
6 -22 -203 116 0 0 0 0.95 0.3 0.95 1
6 -280 116 -197 0 0 0 0.95 0.3 0.95 1
6 -150 269 146 0 0 0 0.95 0.3 0.95 1
6 192 -127 -101 0 0 0 0.95 0.3 0.95 1
6 93 201 -45 0 0 0 0.95 0.3 0.95 1
6 -35 -41 -265 0 0 0 0.95 0.3 0.95 1
6 -70 87 11 0 0 0 0.95 0.3 0.95 1
6 -175 143 113 0 0 0 0.95 0.3 0.95 1
6 8 -80 1 100 100 100 0 0 0 1
6 -226 -51 188 0 0 0 0.95 0.3 0.95 1
6 -283 24 -231 0 0 0 0.95 0.3 0.95 1
6 140 79 30 0 0 0 0.95 0.3 0.95 1
6 6 124 7 0 0 0 0.95 0.3 0.95 1
6 133 286 123 0 0 0 0.95 0.3 0.95 1
6 268 -71 78 0 0 0 0.95 0.3 0.95 1
6 -190 -7 -118 0 0 0 0.95 0.3 0.95 1
6 112 120 210 0 0 0 0.95 0.3 0.95 1
6 -6 181 -193 0 0 0 0.95 0.3 0.95 1
6 -30 -160 -286 100 100 100 0 0 0 1
6 17 223 -97 0 0 0 0.95 0.3 0.95 1
6 -25 105 -188 0 0 0 0.95 0.3 0.95 1
6 58 -86 193 0 0 0 0.95 0.3 0.95 1
6 -46 -269 207 0 0 0 0.95 0.3 0.95 1
6 -217 255 214 0 0 0 0.95 0.3 0.95 1
6 192 -287 285 0 0 0 0.95 0.3 0.95 1
6 -135 142 -241 0 0 0 0.95 0.3 0.95 1
6 198 170 -293 0 0 0 0.95 0.3 0.95 1
6 179 63 -290 0 0 0 0.95 0.3 0.95 1
6 28 76 -283 100 100 100 0 0 0 1
6 -113 46 -108 0 0 0 0.95 0.3 0.95 1
6 91 189 142 0 0 0 0.95 0.3 0.95 1
6 142 112 -223 0 0 0 0.95 0.3 0.95 1
6 153 -110 -299 0 0 0 0.95 0.3 0.95 1
6 -238 42 231 0 0 0 0.95 0.3 0.95 1
6 -173 70 -156 0 0 0 0.95 0.3 0.95 1
6 227 -247 -74 0 0 0 0.95 0.3 0.95 1
6 56 183 -66 0 0 0 0.95 0.3 0.95 1
6 89 179 -263 0 0 0 0.95 0.3 0.95 1
6 289 55 277 100 100 100 0 0 0 1
6 -101 219 -150 0 0 0 0.95 0.3 0.95 1
6 -16 -205 223 0 0 0 0.95 0.3 0.95 1
6 129 -277 -257 0 0 0 0.95 0.3 0.95 1
6 174 -189 -276 0 0 0 0.95 0.3 0.95 1
6 -158 110 -185 0 0 0 0.95 0.3 0.95 1
6 91 -94 -136 0 0 0 0.95 0.3 0.95 1
6 -110 -287 289 0 0 0 0.95 0.3 0.95 1
6 -163 97 -168 0 0 0 0.95 0.3 0.95 1
6 258 -263 172 0 0 0 0.95 0.3 0.95 1
6 -127 91 -69 100 100 100 0 0 0 1
6 -192 145 -146 0 0 0 0.95 0.3 0.95 1
6 20 -286 -131 0 0 0 0.95 0.3 0.95 1
6 -10 261 281 0 0 0 0.95 0.3 0.95 1
6 52 232 -93 0 0 0 0.95 0.3 0.95 1
6 222 -297 -185 0 0 0 0.95 0.3 0.95 1
6 -113 -165 6 0 0 0 0.95 0.3 0.95 1
6 191 -168 26 0 0 0 0.95 0.3 0.95 1
6 -185 -190 87 0 0 0 0.95 0.3 0.95 1
6 237 -3 -133 0 0 0 0.95 0.3 0.95 1
6 -217 -89 -190 100 100 100 0 0 0 1
6 116 -251 -275 0 0 0 0.95 0.3 0.95 1
6 -84 -154 -122 0 0 0 0.95 0.3 0.95 1
6 42 -70 -89 0 0 0 0.95 0.3 0.95 1
6 220 -127 252 0 0 0 0.95 0.3 0.95 1
6 -108 149 98 0 0 0 0.95 0.3 0.95 1
6 177 261 10 0 0 0 0.95 0.3 0.95 1
6 177 186 -116 0 0 0 0.95 0.3 0.95 1
6 47 -106 -240 0 0 0 0.95 0.3 0.95 1
6 -265 114 -183 0 0 0 0.95 0.3 0.95 1
6 -40 10 -106 100 100 100 0 0 0 1
6 26 291 68 0 0 0 0.95 0.3 0.95 1
6 -296 289 16 0 0 0 0.95 0.3 0.95 1
6 86 77 -186 0 0 0 0.95 0.3 0.95 1
6 -129 -197 -34 0 0 0 0.95 0.3 0.95 1
6 258 -214 -62 0 0 0 0.95 0.3 0.95 1
6 224 -183 154 0 0 0 0.95 0.3 0.95 1
6 181 222 195 0 0 0 0.95 0.3 0.95 1
6 -103 43 62 0 0 0 0.95 0.3 0.95 1
6 -250 184 -235 0 0 0 0.95 0.3 0.95 1
6 -50 147 -106 100 100 100 0 0 0 1
6 96 2 4 0 0 0 0.95 0.3 0.95 1
6 240 -195 -28 0 0 0 0.95 0.3 0.95 1
6 -139 -55 -27 0 0 0 0.95 0.3 0.95 1
6 273 276 -11 0 0 0 0.95 0.3 0.95 1
6 -196 111 9 0 0 0 0.95 0.3 0.95 1
6 244 58 -60 0 0 0 0.95 0.3 0.95 1
6 146 289 -93 0 0 0 0.95 0.3 0.95 1
6 -72 278 198 0 0 0 0.95 0.3 0.95 1
6 -241 -221 -238 0 0 0 0.95 0.3 0.95 1
6 172 177 168 100 100 100 0 0 0 1
6 -72 -90 -216 0 0 0 0.95 0.3 0.95 1
6 -154 -242 -286 0 0 0 0.95 0.3 0.95 1
6 -228 123 128 0 0 0 0.95 0.3 0.95 1
6 -247 48 259 0 0 0 0.95 0.3 0.95 1
6 53 54 298 0 0 0 0.95 0.3 0.95 1
6 46 -262 -137 0 0 0 0.95 0.3 0.95 1
6 -75 -146 -157 0 0 0 0.95 0.3 0.95 1
6 187 290 -135 0 0 0 0.95 0.3 0.95 1
6 -220 -274 85 0 0 0 0.95 0.3 0.95 1
6 47 94 21 100 100 100 0 0 0 1
6 -89 252 228 0 0 0 0.95 0.3 0.95 1
6 -254 -197 212 0 0 0 0.95 0.3 0.95 1
6 -10 274 -243 0 0 0 0.95 0.3 0.95 1
6 59 -227 -40 0 0 0 0.95 0.3 0.95 1
6 -228 -62 -220 0 0 0 0.95 0.3 0.95 1
6 97 -47 104 0 0 0 0.95 0.3 0.95 1
6 -146 -16 42 0 0 0 0.95 0.3 0.95 1
6 169 -188 -160 0 0 0 0.95 0.3 0.95 1
6 -208 80 60 0 0 0 0.95 0.3 0.95 1
6 -9 -242 -282 100 100 100 0 0 0 1
6 -94 171 251 0 0 0 0.95 0.3 0.95 1
6 -52 259 -141 0 0 0 0.95 0.3 0.95 1
6 -153 -56 180 0 0 0 0.95 0.3 0.95 1
6 -215 52 56 0 0 0 0.95 0.3 0.95 1
6 187 108 10 0 0 0 0.95 0.3 0.95 1
6 194 95 31 0 0 0 0.95 0.3 0.95 1
6 -70 153 -184 0 0 0 0.95 0.3 0.95 1
6 -224 36 43 0 0 0 0.95 0.3 0.95 1
6 121 65 -142 0 0 0 0.95 0.3 0.95 1
6 162 -230 -70 100 100 100 0 0 0 1
6 -270 -226 -272 0 0 0 0.95 0.3 0.95 1
6 -201 177 -93 0 0 0 0.95 0.3 0.95 1
6 -132 205 -166 0 0 0 0.95 0.3 0.95 1
6 -222 5 -143 0 0 0 0.95 0.3 0.95 1
6 -121 -129 -234 0 0 0 0.95 0.3 0.95 1
6 6 -212 289 0 0 0 0.95 0.3 0.95 1
6 194 244 113 0 0 0 0.95 0.3 0.95 1
6 -115 -165 99 0 0 0 0.95 0.3 0.95 1
6 -203 -181 120 0 0 0 0.95 0.3 0.95 1
6 -234 -251 -278 100 100 100 0 0 0 1
6 -224 -189 -160 0 0 0 0.95 0.3 0.95 1
6 209 215 -126 0 0 0 0.95 0.3 0.95 1
6 -79 -13 -180 0 0 0 0.95 0.3 0.95 1
6 99 114 -274 0 0 0 0.95 0.3 0.95 1
6 158 -164 -293 0 0 0 0.95 0.3 0.95 1
6 230 -159 129 0 0 0 0.95 0.3 0.95 1
6 -190 -263 226 0 0 0 0.95 0.3 0.95 1
6 84 -268 42 0 0 0 0.95 0.3 0.95 1
6 263 260 232 0 0 0 0.95 0.3 0.95 1
6 -84 -107 24 100 100 100 0 0 0 1
6 -195 280 -203 0 0 0 0.95 0.3 0.95 1
6 132 292 -204 0 0 0 0.95 0.3 0.95 1
6 87 97 263 0 0 0 0.95 0.3 0.95 1
6 -257 167 -186 0 0 0 0.95 0.3 0.95 1
6 -34 -2 -221 0 0 0 0.95 0.3 0.95 1
6 -1 -96 -71 0 0 0 0.95 0.3 0.95 1
6 -80 77 135 0 0 0 0.95 0.3 0.95 1
6 262 164 -300 0 0 0 0.95 0.3 0.95 1
6 220 3 -48 0 0 0 0.95 0.3 0.95 1
6 -64 93 23 100 100 100 0 0 0 1
6 74 -72 -16 0 0 0 0.95 0.3 0.95 1
6 264 162 160 0 0 0 0.95 0.3 0.95 1
6 -142 167 -248 0 0 0 0.95 0.3 0.95 1
6 98 40 246 0 0 0 0.95 0.3 0.95 1
6 -119 -265 -215 0 0 0 0.95 0.3 0.95 1
6 -16 132 -295 0 0 0 0.95 0.3 0.95 1
6 152 74 -262 0 0 0 0.95 0.3 0.95 1
6 67 115 -4 0 0 0 0.95 0.3 0.95 1
6 298 161 49 0 0 0 0.95 0.3 0.95 1
6 164 -286 -116 100 100 100 0 0 0 1
6 -20 278 -52 0 0 0 0.95 0.3 0.95 1
6 -207 -172 -80 0 0 0 0.95 0.3 0.95 1
6 201 56 -189 0 0 0 0.95 0.3 0.95 1
6 48 191 -268 0 0 0 0.95 0.3 0.95 1
6 -20 163 -63 0 0 0 0.95 0.3 0.95 1
6 -40 -105 -122 0 0 0 0.95 0.3 0.95 1
6 247 -119 6 0 0 0 0.95 0.3 0.95 1
6 69 -210 -150 0 0 0 0.95 0.3 0.95 1
6 266 291 2 0 0 0 0.95 0.3 0.95 1
6 241 -6 -299 100 100 100 0 0 0 1
6 -135 300 243 0 0 0 0.95 0.3 0.95 1
6 -285 -272 -265 0 0 0 0.95 0.3 0.95 1
6 242 -208 21 0 0 0 0.95 0.3 0.95 1
6 264 -117 -125 0 0 0 0.95 0.3 0.95 1
6 -80 -245 277 0 0 0 0.95 0.3 0.95 1
6 -33 96 -32 0 0 0 0.95 0.3 0.95 1
6 50 270 10 0 0 0 0.95 0.3 0.95 1
6 3 -77 113 0 0 0 0.95 0.3 0.95 1
6 23 -48 -274 0 0 0 0.95 0.3 0.95 1
6 183 -240 276 100 100 100 0 0 0 1
6 48 111 85 0 0 0 0.95 0.3 0.95 1
6 -235 190 -264 0 0 0 0.95 0.3 0.95 1
6 81 14 -200 0 0 0 0.95 0.3 0.95 1
6 -75 147 92 0 0 0 0.95 0.3 0.95 1
6 102 -231 144 0 0 0 0.95 0.3 0.95 1
6 60 259 -172 0 0 0 0.95 0.3 0.95 1
6 -264 48 -82 0 0 0 0.95 0.3 0.95 1
6 281 -195 189 0 0 0 0.95 0.3 0.95 1
6 -141 243 39 0 0 0 0.95 0.3 0.95 1
6 -271 -12 296 100 100 100 0 0 0 1
6 120 -230 188 0 0 0 0.95 0.3 0.95 1
6 -7 -299 -181 0 0 0 0.95 0.3 0.95 1
6 -258 -50 -300 0 0 0 0.95 0.3 0.95 1
6 -237 284 -45 0 0 0 0.95 0.3 0.95 1
6 58 250 -111 0 0 0 0.95 0.3 0.95 1
6 -281 182 68 0 0 0 0.95 0.3 0.95 1
6 -164 -58 -140 0 0 0 0.95 0.3 0.95 1
6 -18 -179 -72 0 0 0 0.95 0.3 0.95 1
6 88 292 52 0 0 0 0.95 0.3 0.95 1
6 -156 -43 115 100 100 100 0 0 0 1
6 -172 -138 273 0 0 0 0.95 0.3 0.95 1
6 -287 -88 -12 0 0 0 0.95 0.3 0.95 1
6 -220 113 -168 0 0 0 0.95 0.3 0.95 1
6 -134 -218 41 0 0 0 0.95 0.3 0.95 1
6 110 131 132 0 0 0 0.95 0.3 0.95 1
6 171 -145 -61 0 0 0 0.95 0.3 0.95 1
6 299 -207 -182 0 0 0 0.95 0.3 0.95 1
6 -229 -207 201 0 0 0 0.95 0.3 0.95 1
6 -264 -134 72 0 0 0 0.95 0.3 0.95 1
6 51 -89 273 100 100 100 0 0 0 1
6 -85 -4 -212 0 0 0 0.95 0.3 0.95 1
6 -138 13 47 0 0 0 0.95 0.3 0.95 1
6 218 -118 273 0 0 0 0.95 0.3 0.95 1
6 -293 216 -165 0 0 0 0.95 0.3 0.95 1
6 245 -146 271 0 0 0 0.95 0.3 0.95 1
6 -156 242 -231 0 0 0 0.95 0.3 0.95 1
6 -80 9 -290 0 0 0 0.95 0.3 0.95 1
6 -52 -104 -132 0 0 0 0.95 0.3 0.95 1
6 50 196 258 0 0 0 0.95 0.3 0.95 1
6 262 224 -235 100 100 100 0 0 0 1
6 250 9 213 0 0 0 0.95 0.3 0.95 1
6 -220 -219 82 0 0 0 0.95 0.3 0.95 1
6 -214 123 77 0 0 0 0.95 0.3 0.95 1
6 223 220 -144 0 0 0 0.95 0.3 0.95 1
6 67 -286 17 0 0 0 0.95 0.3 0.95 1
6 276 -80 260 0 0 0 0.95 0.3 0.95 1
6 30 278 -123 0 0 0 0.95 0.3 0.95 1
6 138 47 -26 0 0 0 0.95 0.3 0.95 1
6 -188 -197 163 0 0 0 0.95 0.3 0.95 1
6 34 29 -100 100 100 100 0 0 0 1
6 -285 -12 158 0 0 0 0.95 0.3 0.95 1
6 284 -9 199 0 0 0 0.95 0.3 0.95 1
6 171 -218 -283 0 0 0 0.95 0.3 0.95 1
6 -81 215 -83 0 0 0 0.95 0.3 0.95 1
6 138 89 -101 0 0 0 0.95 0.3 0.95 1
6 -93 -156 -219 0 0 0 0.95 0.3 0.95 1
6 188 -92 -239 0 0 0 0.95 0.3 0.95 1
6 246 -184 14 0 0 0 0.95 0.3 0.95 1
6 -161 9 -178 0 0 0 0.95 0.3 0.95 1
6 -190 -261 1 100 100 100 0 0 0 1
6 289 1 16 0 0 0 0.95 0.3 0.95 1
6 -88 -81 -104 0 0 0 0.95 0.3 0.95 1
6 -134 68 -29 0 0 0 0.95 0.3 0.95 1
6 297 -2 223 0 0 0 0.95 0.3 0.95 1
6 260 194 -33 0 0 0 0.95 0.3 0.95 1
6 -277 -138 125 0 0 0 0.95 0.3 0.95 1
6 -210 276 220 0 0 0 0.95 0.3 0.95 1
6 67 262 190 0 0 0 0.95 0.3 0.95 1
6 252 270 -279 0 0 0 0.95 0.3 0.95 1
6 -71 -197 -136 100 100 100 0 0 0 1
6 -130 -127 26 0 0 0 0.95 0.3 0.95 1
6 -161 -299 -216 0 0 0 0.95 0.3 0.95 1
6 -281 -235 69 0 0 0 0.95 0.3 0.95 1
6 -182 -210 -205 0 0 0 0.95 0.3 0.95 1
6 67 30 -71 0 0 0 0.95 0.3 0.95 1
6 57 -28 114 0 0 0 0.95 0.3 0.95 1
6 138 -117 -215 0 0 0 0.95 0.3 0.95 1
6 239 -236 78 0 0 0 0.95 0.3 0.95 1
6 282 60 -221 0 0 0 0.95 0.3 0.95 1
6 77 -224 257 100 100 100 0 0 0 1
6 236 -283 64 0 0 0 0.95 0.3 0.95 1
6 111 -277 61 0 0 0 0.95 0.3 0.95 1
6 -161 184 -200 0 0 0 0.95 0.3 0.95 1
6 -121 -259 -204 0 0 0 0.95 0.3 0.95 1
6 -9 188 110 0 0 0 0.95 0.3 0.95 1
6 -4 -216 18 0 0 0 0.95 0.3 0.95 1
6 245 -39 -162 0 0 0 0.95 0.3 0.95 1
6 -18 -151 187 0 0 0 0.95 0.3 0.95 1
6 -169 -127 92 0 0 0 0.95 0.3 0.95 1
6 -175 -165 -110 100 100 100 0 0 0 1
6 -246 -79 -296 0 0 0 0.95 0.3 0.95 1
6 225 217 -181 0 0 0 0.95 0.3 0.95 1
6 115 -3 -146 0 0 0 0.95 0.3 0.95 1
6 12 269 -236 0 0 0 0.95 0.3 0.95 1
6 -131 40 -181 0 0 0 0.95 0.3 0.95 1
6 -232 242 210 0 0 0 0.95 0.3 0.95 1
6 66 -296 197 0 0 0 0.95 0.3 0.95 1
6 -165 -289 213 0 0 0 0.95 0.3 0.95 1
6 235 86 85 0 0 0 0.95 0.3 0.95 1
6 -298 220 -159 100 100 100 0 0 0 1
6 -244 -151 217 0 0 0 0.95 0.3 0.95 1
6 -30 11 57 0 0 0 0.95 0.3 0.95 1
6 -9 153 -297 0 0 0 0.95 0.3 0.95 1
6 -144 -201 222 0 0 0 0.95 0.3 0.95 1
6 32 196 286 0 0 0 0.95 0.3 0.95 1
6 4 114 72 0 0 0 0.95 0.3 0.95 1
6 114 -285 -138 0 0 0 0.95 0.3 0.95 1
6 -191 -48 297 0 0 0 0.95 0.3 0.95 1
6 -160 -218 -47 0 0 0 0.95 0.3 0.95 1
6 -185 -239 -96 100 100 100 0 0 0 1
6 -42 108 -23 0 0 0 0.95 0.3 0.95 1
6 -114 80 -66 0 0 0 0.95 0.3 0.95 1
6 155 -15 -47 0 0 0 0.95 0.3 0.95 1
6 86 40 -259 0 0 0 0.95 0.3 0.95 1
6 -40 -21 62 0 0 0 0.95 0.3 0.95 1
6 70 -15 284 0 0 0 0.95 0.3 0.95 1
6 -161 -209 9 0 0 0 0.95 0.3 0.95 1
6 -41 288 295 0 0 0 0.95 0.3 0.95 1
6 -45 191 102 0 0 0 0.95 0.3 0.95 1
6 21 -182 -118 100 100 100 0 0 0 1
6 170 263 -183 0 0 0 0.95 0.3 0.95 1
6 -282 -213 -119 0 0 0 0.95 0.3 0.95 1
6 139 -101 -7 0 0 0 0.95 0.3 0.95 1
6 293 159 -33 0 0 0 0.95 0.3 0.95 1
6 -284 96 94 0 0 0 0.95 0.3 0.95 1
6 -200 -235 -151 0 0 0 0.95 0.3 0.95 1
6 167 17 -34 0 0 0 0.95 0.3 0.95 1
6 17 -208 91 0 0 0 0.95 0.3 0.95 1
6 56 -214 201 0 0 0 0.95 0.3 0.95 1
6 248 61 125 100 100 100 0 0 0 1
6 -181 -262 -7 0 0 0 0.95 0.3 0.95 1
6 -72 120 207 0 0 0 0.95 0.3 0.95 1
6 -55 -149 241 0 0 0 0.95 0.3 0.95 1
6 -159 -195 160 0 0 0 0.95 0.3 0.95 1
6 255 189 35 0 0 0 0.95 0.3 0.95 1
6 29 -8 -276 0 0 0 0.95 0.3 0.95 1
6 20 170 56 0 0 0 0.95 0.3 0.95 1
6 250 -205 -278 0 0 0 0.95 0.3 0.95 1
6 131 6 -56 0 0 0 0.95 0.3 0.95 1
